ROI1  - tc_1 =  3.610683042909614 +- 0.278951523806618
       - alpha_1 =  0.34 +- 0
       - M01 =  306.8067803814306 +- 3.5265780843059487
       - D0_ext =  2.3e-12
       - tc_2 =  1.2702838393890543 +- 0.10277552410807052
       - alpha_2 =  0.0 +- 0
       - M02 =  81.2658362438523 +- 3.242666370224533
       - D0_int =  7e-13
       - Chi cuadrado =  4142.863819196871
       - Reduced chi cuadrado =  52.441314167049
ROI1  - tc_1 =  0.10000000232441768 +- 1.350671522256897
       - alpha_1 =  0.53 +- 0
       - M01 =  296.02164809500954 +- 1.1748941272669762
       - D0_ext =  2.3e-12
       - tc_2 =  1.6979797815042175 +- 0.023517924602852618
       - alpha_2 =  0.0 +- 0
       - M02 =  101.74555546057617 +- 0.8859137796729143
       - D0_int =  7e-13
       - Chi cuadrado =  548.7351196831532
       - Reduced chi cuadrado =  6.946014173204471
