ROI1  - tc_1 =  0.26590247411844187 +- 0.43921892538515517
       - alpha_1 =  0.6462105616751788 +- 0.014892527913169185
       - M01 =  2393.1474049726385 +- 18.57376075997215
       - D0_ext =  2.3e-12
       - tc_2 =  1.924901967102698 +- 0.030224690349327118
       - alpha_2 =  0.0 +- 0
       - M02 =  1294.3596144356407 +- 19.48059559437393
       - C =  50 +- 0
       - D0_int =  6.5e-13
       - Chi cuadrado =  38988.06642507645
       - Reduced chi cuadrado =  499.8470054496981
