ROI1  - tc_1 =  1.038282684750134 +- 0.12923795307303582
       - alpha_1 =  0.5398478277837288 +- 0.0039145224019218935
       - M01 =  406.67939867198635 +- 1.6071377230842516
       - D0_ext =  2.3e-12
       - tc_2 =  2.686803336769345 +- 0.4594693290314505
       - alpha_2 =  0.0 +- 0
       - M02 =  75.84075062371353 +- 8.368437291672192
       - C =  30.272796140636903 +- 9.947570213679063
       - D0_int =  6.5e-13
       - Chi cuadrado =  42.988041472071565
       - Reduced chi cuadrado =  0.5582862528840463
