roi  - alpha_1 =  0.5049059325076491 +- 0.023411900278044604
       - M01 =  1667.880081876147 +- 158.38984960093305
       - D0_ext =  2.3e-12
       - tc_2 =  1.995 +- 0
       - M02 =  1358.578054067268 +- 4.388418259216914
       - D0_int =  6.5e-13
       - Chi cuadrado =  441.20013763152133
       - Reduced chi cuadrado =  25.95294927244243
