roi  - lc moda =  1.4780518923745303  +/-  3730213.910288289
       - sigma =  0.043322810527701996  +/-  13328987.286990218
       - D0 =  4e-13  +/-  0
       - lc mediana =  1.4808286025287323
       - lc media =  1.482218913146166
       - Chi cuadrado =  837.7362064846347
       - Reduced chi cuadrado =  4.296083110177614
    - M0_1 = 1200.3168047169934 +- 3.9188241491062494
    - M0_2 = 1158.5571797702391 +- 3.719590385654034
    - M0_3 = 842.9783007486635 +- 3.3650510131757354
    - M0_4 = 550.3965287403483 +- 2.4149291405959588
    - M0_5 = 348.1285107531978 +- 1.796158630887919
    - M0_6 = 306.09918842436883 +- 1.6615789442542301
    - M0_7 = 170.2044274091444 +- 1.1851647971584913
    - M0_8 = 175.5353056535669 +- 1.1132891656557333
    - M0_9 = 105.34260966013676 +- 0.9725545873075889
    - M0_10 = 111.38141420507259 +- 0.9579952397846947
