ROI1  - tc_1 =  1.0482195716410256 +- 0.1989629773991913
       - alpha_1 =  0.5175543421233517 +- 0.008091987290334803
       - M01 =  730.3981771769586 +- 2.9703277244556965
       - D0_ext =  2.3e-12
       - tc_2 =  2.2986020799225484 +- 0.026216269798236436
       - alpha_2 =  0.0 +- 0
       - M02 =  264.8258869070863 +- 3.0316741155825446
       - C =  50 +- 0
       - D0_int =  6.5e-13
       - Chi cuadrado =  2246.2372097279977
       - Reduced chi cuadrado =  29.94982946303997
