ROI1  - lc_mode_1 =  0.8126199471585503 +- 0.4369817436501426
      - alpha_1 =  0.5518452323821041 +- 0.021012953891255477
      - M0_1 =  0.5925756792743457 +- 0.016451295796707427
      - D0_1 =  2.3e-12 +-
      - lc_mode_2 =  2.1995054126860207 +- 5281082211.406302
      - lc_median_2 =  2.205775626877756 +-
      - lc_mid_2 =  2.208917433819527 +-
      - sigma_2 =  0.05335431184889505 +- 4937368689.8387165
      - alpha_2 =  9.229617070616314e-12 +- 0.012758037783829872
      - M0_2 =  0.40742432072565427 +- 0.016451295829749076
      - D0_2 =  6.5e-13 +-
