ROI1  - tc_1 =  3.927174912331332 +- 0.28218212136752263
       - alpha_1 =  0.34 +- 0
       - M01 =  482.9302636652294 +- 5.437455122767643
       - D0_ext =  2.3e-12
       - tc_2 =  1.5224865577357827 +- 0.0775006222176249
       - alpha_2 =  0.0 +- 0
       - M02 =  146.53535279725128 +- 5.3053415986324834
       - D0_int =  7e-13
       - Chi cuadrado =  8882.711596569154
       - Reduced chi cuadrado =  111.03389495711443
ROI1  - tc_1 =  4.558664918972973 +- 0.36338230600957133
       - alpha_1 =  0.3 +- 0
       - M01 =  484.5462799103678 +- 6.808339947207284
       - D0_ext =  2.3e-12
       - tc_2 =  1.4945098103313854 +- 0.10148642828190686
       - alpha_2 =  0.0 +- 0
       - M02 =  144.3150123640946 +- 7.0237819461064435
       - D0_int =  7e-13
       - Chi cuadrado =  12975.449076640638
       - Reduced chi cuadrado =  162.19311345800799
ROI1  - tc_1 =  4.558664918972973 +- 0.36338230600957133
       - alpha_1 =  0.3 +- 0
       - M01 =  484.5462799103678 +- 6.808339947207284
       - D0_ext =  2.3e-12
       - tc_2 =  1.4945098103313854 +- 0.10148642828190686
       - alpha_2 =  0.0 +- 0
       - M02 =  144.3150123640946 +- 7.0237819461064435
       - D0_int =  7e-13
       - Chi cuadrado =  12975.449076640638
       - Reduced chi cuadrado =  162.19311345800799
