roi  - alpha_1 =  0.3457371870464831 +- 0.07792784567847139
       - M01 =  3559.889370520475 +- 728.7385494439816
       - D0_ext =  2.3e-12
       - tc_2 =  2.21 +- 0
       - M02 =  8.934120110382082e-07 +- 111.95649487798869
       - D0_int =  1e-12
       - Chi cuadrado =  225.32397219081727
       - Reduced chi cuadrado =  12.517998455045404
