ROI1  - l_c_mode =  4.987920964756883 +- 0.1403926164067084
      - l_c_median =  21.53025940849573 +-
      - l_c_mid =  44.731566975347704 +-
      - sigma =  1.2093139283856487 +- 0.07788099564190534
      - M0 =  1344.6826704560517 +- 11.784323015876634
      - D0 =  2.3e-12 +-
