ROI1  - tc_1 =  0.10314209006402414 +- 1.1679096505482485
       - alpha_1 =  0.5832460079787297 +- 0.016220559696605442
       - M01 =  1144.8417312428421 +- 8.752809931313498
       - D0_ext =  2.3e-12
       - tc_2 =  1.8410298623261987 +- 0.027608867388161717
       - alpha_2 =  0.0 +- 0
       - M02 =  601.4476866954288 +- 8.996183108364693
       - D0_int =  7e-13
       - Chi cuadrado =  20469.158234090413
       - Reduced chi cuadrado =  262.42510556526173
