ROI1  - tc_1 =  0.10000000058424423 +- 22.945698249759566
       - alpha_1 =  0.5202625962073607 +- 0.009525059262802915
       - M01 =  296.6438241122854 +- 1.2488880364252741
       - D0_ext =  2.3e-12
       - tc_2 =  1.3685552856763996 +- 0.022903824645701846
       - alpha_2 =  0.0 +- 0
       - M02 =  100.06389280956762 +- 1.247548761540635
       - D0_int =  1e-12
       - Chi cuadrado =  540.7513200058703
       - Reduced chi cuadrado =  6.932709230844491
