Ajuste 1 - alpha1 = 0.45
ROI1  - tc_1 =  2.23 +- 0
     - M0_1 =  2043.3393615246898 +- 199.5362360885879
      - D0_1 =  2.3e-12
      - alpha_2 =  0 +- 0
      - tc_2 =  2.23 +- 0
      - M0_2 =  1671.823113974746 +- 163.256920310403
      - D0_2 =  7e-13
      - Chi cuadrado =  668.5207821229101
      - Reduced chi cuadrado =  37.14004345127278
Ajuste 2 - alpha1 = 0.5
ROI1  - tc_1 =  2.23 +- 0
     - M0_1 =  2041.6331525678265 +- 193.94306166585596
      - D0_1 =  2.3e-12
      - alpha_2 =  0 +- 0
      - tc_2 =  2.23 +- 0
      - M0_2 =  1670.4271248282216 +- 158.68068656453767
      - D0_2 =  7e-13
      - Chi cuadrado =  663.6430613329727
      - Reduced chi cuadrado =  36.86905896294293
Ajuste 3 - alpha1 = 0.55
ROI1  - tc_1 =  2.23 +- 0
     - M0_1 =  2039.2761174513391 +- 186.72985777492224
      - D0_1 =  2.3e-12
      - alpha_2 =  0 +- 0
      - tc_2 =  2.23 +- 0
      - M0_2 =  1668.4986415510955 +- 152.77897412391053
      - D0_2 =  7e-13
      - Chi cuadrado =  657.5152368200493
      - Reduced chi cuadrado =  36.528624267780515
