ROI1  - tc_1 =  0.8 +- 0
       - alpha_1 =  0.59 +- 0
       - M01 =  1.400933207862387 +- 0.016498910842686836
       - D0_ext =  2.3e-12
       - tc_2 =  2.1 +- 0
       - alpha_2 =  0.0 +- 0
       - M02 =  0.8550846622701336 +- 0.007486835194298503
       - D0_int =  7e-13
ROI1  - tc_1 =  3.14 +- 0
       - alpha_1 =  0.45 +- 0
       - M01 =  1.6456889905230865 +- 0.029142108432873407
       - D0_ext =  2.3e-12
       - tc_2 =  2.1 +- 0
       - alpha_2 =  0.0 +- 0
       - M02 =  0.7440636620204 +- 0.013116045848278544
       - D0_int =  7e-13
