ROI1  - tc_1 =  0.10000000002749232 +- 0.7820284273673979
       - alpha_1 =  0.5213006193271734 +- 0.009399069210009504
       - M01 =  295.7540058822528 +- 1.21955576737016
       - D0_ext =  2.3e-12
       - tc_2 =  2.21 +- 0
       - alpha_2 =  0.0 +- 0
       - M02 =  76.56490751304035 +- 2.4530665986069926
       - C =  24.398750375295073 +- 1.431142214622169
       - D0_int =  6.5e-13
       - Chi cuadrado =  524.6828128868993
       - Reduced chi cuadrado =  6.726702729319222
