ROI1  - tc_1 =  5.434329701263753 +- 0.7274345229416558
       - alpha_1 =  0.3 +- 0
       - M01 =  2744.6503344678376 +- 284.5142427900408
       - D0_ext =  2.3e-12
       - tc_2 =  2.0 +- 0
       - alpha_2 =  0.0 +- 0
       - M02 =  897.2646322640293 +- 7.5121118512530005
       - D0_int =  7e-13
ROI1  - tc_1 =  5.899906663713491 +- 2.414561153467663
       - alpha_1 =  0.3 +- 0
       - M01 =  2840.2345960115476 +- 519.4195839706684
       - D0_ext =  2.3e-12
       - tc_2 =  2.1714034421514974 +- 0.7654085941734116
       - alpha_2 =  0.0 +- 0
       - M02 =  932.5244519901454 +- 162.12827088640398
       - D0_int =  7e-13
ROI1  - tc_1 =  12.231961500817635 +- 2.898787949209236
       - alpha_1 =  0.0 +- 0
       - M01 =  3965.062808803769 +- 196.06874179692582
       - D0_ext =  2.3e-12
       - tc_2 =  2.163074516953922 +- 0.7717934815332868
       - alpha_2 =  0.0 +- 0
       - M02 =  930.5395736482685 +- 163.1775165166967
       - D0_int =  7e-13
