ROI1  - lc_mode_1 =  10.955148784985317 +- 2.450213882216786
      - alpha_1 =  4.3211806355358817e-10 +- 0.11112602660582807
      - M0_1 =  0.8782294803690501 +- 0.01389589512629708
      - D0_1 =  2.3e-12 +-
      - lc_mode_2 =  0.8417173274981729 +- 1.4659007359586804
      - lc_median_2 =  2.7064388710838703 +-
      - lc_mid_2 =  4.853043674579613 +-
      - sigma_2 =  1.0807149197172221 +- 1.0860280176402584
      - alpha_2 =  0.10193101896624568 +- 0.032398731772807374
      - M0_2 =  0.12177051963094987 +- 0.013895895124204053
      - D0_2 =  6.5e-13 +-
