ROI1  - l_c_mode =  3.3427176394175837 +- 4.780834367359656
      - l_c_median =  7.887400677112203 +-
      - l_c_mid =  12.115769671384427 +-
      - sigma =  0.9265433042801967 +- 0.8897861669453536
      - M0 =  1105.8773502591448 +- 26.696343930856013
      - D0 =  2.3e-12 +-
