ROI1  - l_c_mode =  1.6412162846248228 +- 0.009590888909589184
      - l_c_median =  1.6703008766903265 +-
      - l_c_mid =  1.6850358876103217 +-
      - sigma =  0.1325374360621988 +- 0.013355060971915956
      - M0 =  1507.6466507419955 +- 11.97398622773735
      - D0 =  7e-13 +-
