roi  - alpha_1 =  0.49084563789326474 +- 0.006271838465045273
       - M01 =  353.0411612556483 +- 5.245600724594204
       - D0_ext =  2.3e-12
       - tc_2 =  1.8472634477169796 +- 0.009414309304471019
       - alpha_2 =  0.0 +- 0
       - M02 =  101.06521100280541 +- 0.5024043705103278
       - D0_int =  6.5e-13
       - Chi cuadrado =  13.558282901360306
       - Reduced chi cuadrado =  0.3664400784151434
