ROI1  - l_c_mode =  1.6461736740369293 +- 0.0019607225857100116
      - l_c_median =  2.1484265866929 +-
      - l_c_mid =  2.4543864866089677 +-
      - sigma =  0.5160253333085726 +- 0.002169270062983027
      - M0 =  1060.480675954488 +- 4.117531867463274
      - D0 =  7e-13 +-
