ROI1  - l_c_mode =  7.142260547284786 +- 0.0562148105424489
      - l_c_median =  18.37222452602871 +-
      - l_c_mid =  29.466243395889133 +-
      - sigma =  0.9720137128576549 +- 0.05260254475323992
      - M0 =  1154.6260368946241 +- 12.073847426172799
      - D0 =  2.3e-12 +-
