ROI1  - tc_1 =  1.0769894026217908 +- 0.19314494615165156
       - alpha_1 =  0.5159600516707576 +- 0.00787218908102634
       - M01 =  731.8149227764586 +- 2.7525416498017488
       - D0_ext =  2.3e-12
       - tc_2 =  2.21 +- 0
       - alpha_2 =  0.0 +- 0
       - M02 =  271.34894504678874 +- 4.605019925738207
       - C =  42.020432711159174 +- 2.3561994781948474
       - D0_int =  6.5e-13
       - Chi cuadrado =  2251.149375133592
       - Reduced chi cuadrado =  30.01532500178123
