ROI1  - l_c_mode =  2.311105663647828 +- 0.002870525670969412
      - l_c_median =  10.194488424607211 +-
      - l_c_mid =  21.411064249709092 +-
      - sigma =  1.2182451195989854 +- 0.0007941837523259765
      - M0 =  4615.873320142338 +- 0.1452056617562234
      - D0 =  2.3e-12 +-
