ROI1  - tc_1 =  5.1 +- 0
       - alpha_1 =  0.3 +- 0
       - M01 =  0.7130672170836401 +- 0.0181699583048159
       - D0_ext =  2.3e-12
       - tc_2 =  2.0 +- 0
       - alpha_2 =  0.03 +- 0
       - M02 =  0.16931500422142576 +- 0.01967049658261314
       - D0_int =  7e-13
