ROI1  - tc_1 =  0.10000000151968648 +- 5.508755599752963
       - alpha_1 =  0.57 +- 0
       - M01 =  693.1257110637173 +- 7.4073645667086785
       - D0_ext =  2.3e-12
       - tc_2 =  3.9999926407341353 +- 0.29066817489778785
       - alpha_2 =  0.0 +- 0
       - M02 =  247.54987851306697 +- 3.5887884421510288
       - C =  110.5542535255742 +- 4.517158030861051
       - D0_int =  6.5e-13
       - Chi cuadrado =  2749.2138927696833
       - Reduced chi cuadrado =  36.65618523692911
ROI1  - tc_1 =  0.1000000005369519 +- 7.622618206557463
       - alpha_1 =  0.57 +- 0
       - M01 =  691.4186687025048 +- 7.44117360620537
       - D0_ext =  2.3e-12
       - tc_2 =  4.077454970869441 +- 0.3027790156253073
       - alpha_2 =  0.0 +- 0
       - M02 =  247.94694189219535 +- 3.745811553784597
       - C =  111.60210630588628 +- 4.229318274931428
       - D0_int =  6.5e-13
       - Chi cuadrado =  2747.034643586906
       - Reduced chi cuadrado =  36.62712858115874
