ROI1  - tc_1 =  0.10000000031291656 +- 0.10535602156414937
       - alpha_1 =  0.5815307317252403 +- 0.016304191197102337
       - M01 =  1139.3455505125044 +- 9.010627000723971
       - D0_ext =  2.3e-12
       - tc_2 =  2.1459561616955063 +- 0.03543866830111289
       - alpha_2 =  0.0 +- 0
       - M02 =  555.553393218851 +- 9.335689684043938
       - C =  50 +- 0
       - D0_int =  6.5e-13
       - Chi cuadrado =  20159.682625004476
       - Reduced chi cuadrado =  258.45746955133944
