ROI1  - l_c_mode =  1.6 +- 587.6933922420058
      - l_c_median =  1.6160802673346688 +-
      - l_c_mid =  1.6241809033851502 +-
      - sigma =  0.10000000000000002 +- 265.0490597158797
      - alpha =  2.707398027233016e-11 +- 2.707398027233016e-11
      - M0 =  100.0 +- 32970.31183562918
      - D0 =  7e-13 +-
