ROI1  - tc_1 =  0.1000000125231576 +- 0.291615223819718
       - alpha_1 =  0.6638908818860834 +- 0.013324856935923583
       - M01 =  2342.170129946477 +- 13.52325939219358
       - D0_ext =  2.3e-12
       - tc_2 =  2.21 +- 0
       - alpha_2 =  0.0 +- 0
       - M02 =  1263.5092611508376 +- 21.046768805940378
       - C =  134.96440215857595 +- 8.35247318518561
       - D0_int =  6.5e-13
       - Chi cuadrado =  33694.70230290124
       - Reduced chi cuadrado =  431.98336285770824
