roi  - alpha_1 =  0.4046616323593847 +- 0.043860799840159656
       - M01 =  508.4313233367005 +- 44.537975632581905
       - D0_ext =  2.3e-12
       - tc_2 =  2.21 +- 0
       - M02 =  8.569311926720502e-08 +- 134.32633326551866
       - D0_int =  1e-12
       - Chi cuadrado =  4.94783107987339
       - Reduced chi cuadrado =  0.2748795044374106
