ROI1  - tc_1 =  0.10000000011208 +- 0.12894852836685836
       - alpha_1 =  0.57 +- 0
       - M01 =  2351.1967785813863 +- 9.507278477775968
       - D0_ext =  2.3e-12
       - tc_2 =  2.5301153828399956 +- 0.07660106093285891
       - alpha_2 =  0.0 +- 0
       - M02 =  1010.8576159792965 +- 8.120916131357914
       - C =  240.05787691804156 +- 13.814756452038779
       - D0_int =  6.5e-13
       - Chi cuadrado =  4470.692099692534
       - Reduced chi cuadrado =  56.59103923661435
