ROI1  - tc_1 =  0.7230123366100079 +- 0.06462575973304864
       - alpha_1 =  0.5455081227799563 +- 0.002092551718786289
       - M01 =  1034.9157955642725 +- 1.0319195438512907
       - D0_ext =  2.3e-12
       - tc_2 =  1.6404248389092189 +- 0.011154809536992223
       - alpha_2 =  0.004535325597228634 +- 0.00067353511278889
       - M02 =  332.6311451823183 +- 1.0507173913787062
       - D0_int =  7e-13
       - Chi cuadrado =  313.51782650956955
       - Reduced chi cuadrado =  4.0716600845398645
