ROI1  - tc_1 =  1.376361886503516 +- 5.043105235935482
       - tc_2 =  4.2186481777637 +- 0.5875326733849101
       - alpha_2 =  0.0 +- 0
