ROI1  - tc_1 =  0.10000195300182321 +- 12.923396031185959
       - tc_2 =  3.061254203244287 +- 0.24764338899185784
       - alpha_2 =  0.0 +- 0
