ROI1  - tc_1 =  2.3790916171531564 +- 30.374648394152818
       - tc_2 =  3.929322251413957 +- 17.515829541959196
       - alpha_2 =  0.0 +- 0
