ROI1  - tc_1 =  100000 +- 0
       - tc_2 =  2.0364656205895613 +- 0.05591233070476861
       - alpha_2 =  0.0 +- 0
