roi  - alpha_1 =  0.57 +- 0
       - M01 =  0.5742514170639308 +- 0.007535170377513535
       - D0_1 =  2.3e-12
       - tc_2 =  2.21 +- 0
       - alpha_2 =  0.0 +- 0
       - M02 =  0.3830784887754711 +- 0.020722532664872156
       - D0_2 =  7e-13
       - Chi cuadrado =  0.00214712232705696
       - Reduced chi cuadrado =  5.5054418642486154e-05
