ROI1  - l_c_mode =  1.0000000001295608 +- 0.229309367203008
      - l_c_median =  12.057996144068683 +-
      - l_c_mid =  41.87094000594903 +-
      - sigma =  1.5778872013409593 +- 0.45010190093853014
      - M0 =  3049.0240169572317 +- 23.133077402507265
      - D0 =  2.3e-12 +-
