ROI1  - tc_1 =  1.7728041682754634 +- 2.6391540011389174
       - alpha_1 =  0.5695626674276458 +- 0.06193155528470776
       - tc_2 =  1.8 +- 0
       - alpha_2 =  0.0 +- 0
ROI1  - tc_1 =  1.6784518254892844 +- 9.779321343285734
       - alpha_1 =  0.5451182665671128 +- 0.18343004263396276
       - tc_2 =  3.652105555986545 +- 0.6087625361993868
       - alpha_2 =  0.0 +- 0
ROI1  - tc_1 =  1.818269407778453 +- 0.07949473058517191
       - alpha_1 =  0.57 +- 0
       - tc_2 =  1.8 +- 0
       - alpha_2 =  0.0 +- 0
