ROI1  - tc_1 =  1.628629937430294 +- 0.3099053185388562
       - alpha_1 =  0.10000057716329466 +- 0.16137943758555634
       - tc_2 =  1.8 +- 0
       - alpha_2 =  0.0 +- 0
ROI1  - tc_1 =  2.0854325038854102 +- 1.3163047938154109
       - alpha_1 =  0.10000002396851443 +- 0.10676674553678833
       - tc_2 =  1.9254678327495771 +- 0.07861007432545689
       - alpha_2 =  0.0 +- 0
ROI1  - tc_1 =  0.10140281750460023 +- 1.655101927612533
       - alpha_1 =  0.57 +- 0
       - tc_2 =  1.8 +- 0
       - alpha_2 =  0.0 +- 0
