ROI1  - tc_1 =  0.10320515532612046 +- 4.746426101414402
       - alpha_1 =  0.5839258591878832 +- 0.07160135192122605
       - tc_2 =  1.8 +- 0
       - alpha_2 =  0.0 +- 0
ROI1  - tc_1 =  0.10000000076949395 +- 160009.3250405561
       - alpha_1 =  0.6197324807589698 +- 0.1758856901409681
       - tc_2 =  2.194311772868538 +- 0.22919633245873222
       - alpha_2 =  0.0 +- 0
ROI1  - tc_1 =  0.6919296254150169 +- 0.1420069867716665
       - alpha_1 =  0.57 +- 0
       - tc_2 =  1.8 +- 0
       - alpha_2 =  0.0 +- 0
