ROI1  - tc_1 =  15.54114008217868 +- 654.39635625055
       - alpha_1 =  0.2451287965374674 +- 24.20637006204347
       - tc_2 =  1.8 +- 0
       - alpha_2 =  0.0 +- 0
ROI1  - tc_1 =  3.4578141809001823 +- 178.99947296224272
       - alpha_1 =  0.5863842541450783 +- 6.221546333523189
       - tc_2 =  14.999999916967813 +- 83.15785875774462
       - alpha_2 =  0.0 +- 0
ROI1  - tc_1 =  6.958796632409807 +- 1.0060388187815177
       - alpha_1 =  0.57 +- 0
       - tc_2 =  1.8 +- 0
       - alpha_2 =  0.0 +- 0
