ROI1  - l_c_mode =  3.1438244758337652 +- 0.037105517817346986
      - l_c_median =  3.3024476036431345 +-
      - l_c_mid =  3.384735671325098 +-
      - sigma =  0.22186447870867523 +- 0.010424599171671366
      - M0 =  4999.999969567435 +- 1519.102491013996
      - D0 =  2.3e-12 +-
ROI1  - l_c_mode =  6.619032448475719 +- 7.718534356684383
      - l_c_median =  8.14492130043074 +-
      - l_c_mid =  9.035102491524567 +-
      - sigma =  0.45546171764806276 +- 0.26881682447172567
      - M0 =  99999.895476024 +- 324829.60512915876
      - D0 =  2.3e-12 +-
