ROI1  - tc_1 =  2.5267258022573422 +- 2.0857599653954995
       - tc_2 =  3.651379076826043 +- 2.3379649038659345
       - alpha_2 =  0.0 +- 0
