ROI1  - tc_1 =  0.10000000243065574 +- 1.61748606616179
       - tc_2 =  2.566766698091083 +- 0.039028815415954855
       - alpha_2 =  0.0 +- 0
