ROI1  - tc_1 =  0.4932706398968655 +- 0.45139481563357314
       - tc_2 =  3.870374851756989 +- 0.1068718609583755
       - alpha_2 =  0.0 +- 0
