ROI1  - tc_1 =  100000 +- 0
       - tc_2 =  1.9039189909773897 +- 0.012436098258281097
       - alpha_2 =  0.0 +- 0
