ROI1  - tc_1 =  4.5649247259012045 +- 0.4832540187787703
       - tc_2 =  1.8 +- 0
       - alpha_2 =  0.0 +- 0
