ROI1  - tc_1 =  1.7928967659386104 +- 0.11868933845349369
       - tc_2 =  1.8 +- 0
       - alpha_2 =  0.0 +- 0
