ROI1  - tc_1 =  2.449282107137813 +- 0.16947565429328876
       - tc_2 =  1.8 +- 0
       - alpha_2 =  0.0 +- 0
