ROI1  - l_c_mode =  4.110794605666516 +- 1225.7062460753937
      - l_c_median =  6.371213889571353 +-
      - l_c_mid =  7.931775047604242 +-
      - sigma =  0.6619468788412667 +- 2297.824100452287
      - M0 =  1814.8945394970733 +- 92.06845689920549
      - D0 =  2.3e-12 +-
ROI1  - l_c_mode =  1.1239292731152566 +- 10.656108059814045
      - l_c_median =  10.66354396513354 +-
      - l_c_mid =  32.8460276720951 +-
      - sigma =  1.4999999975950937 +- 1.1048700327117316
      - M0 =  1851.5066712017006 +- 87.17710664116942
      - D0 =  2.3e-12 +-
ROI1  - l_c_mode =  1.1657607384923836 +- 17.028148003486688
      - l_c_median =  11.060429931949976 +-
      - l_c_mid =  34.06852262764273 +-
      - sigma =  1.4999999999016316 +- 0.19728660010679402
      - M0 =  1863.0112342410157 +- 134.87018397181458
      - D0 =  2.3e-12 +-
