roi  - alpha_1 =  0.4171813689525091 +- 0.025883909997677687
       - M01 =  1014.7931846942668 +- 71.35852732482165
       - D0_ext =  2.3e-12
       - tc_2 =  2.102 +- 0
       - M02 =  897.8407524737122 +- 7.699131366363769
       - D0_int =  6.5e-13
       - Chi cuadrado =  1198.137859422265
       - Reduced chi cuadrado =  66.56321441234805
