ROI1  - tc_1 =  0.13155097476100586 +- 70.44642114211679
       - alpha_1 =  0.32 +- 0
       - tc_2 =  1.8 +- 0
       - alpha_2 =  0.0 +- 0
