ROI1  - tc_1 =  4.280725628977186 +- 0.16289868018726933
       - alpha_1 =  0.32 +- 0
       - tc_2 =  1.8 +- 0
       - alpha_2 =  0.0 +- 0
