ROI1  - tc_1 =  14.831160362816584 +- 1.1958050849327784
       - alpha_1 =  0.32 +- 0
       - tc_2 =  1.8 +- 0
       - alpha_2 =  0.0 +- 0
