ROI1  - tc_1 =  6.571990632674773 +- 0.21750788029510906
       - alpha_1 =  0.32 +- 0
       - tc_2 =  1.8 +- 0
       - alpha_2 =  0.0 +- 0
