ROI1  - l_c_mode =  0.1864482119483431 +- 11.944143406717014
      - l_c_median =  1.0467138124691153 +-
      - l_c_mid =  2.4800636178040314 +-
      - sigma =  1.3134905086754884 +- 23.50888021110953
      - alpha =  2.3510563638552227 +- 2.3510563638552227
      - M0 =  1043.9174018416907 +- 752.8399302491831
      - D0 =  7e-13 +-
