ROI1  - l_c_mode =  1.000000001828893 +- 0.3261339709235192
      - l_c_median =  3.238565462094523 +-
      - l_c_mid =  5.828127171086303 +-
      - sigma =  1.0840343496937757 +- 0.5679651105792226
      - M0 =  1625.6795802427587 +- 44.057927711378184
      - D0 =  7e-13 +-
ROI1  - l_c_mode =  1.000000001828893 +- 0.3261339709235192
      - l_c_median =  3.238565462094523 +-
      - l_c_mid =  5.828127171086303 +-
      - sigma =  1.0840343496937757 +- 0.5679651105792226
      - M0 =  1625.6795802427587 +- 44.057927711378184
      - D0 =  7e-13 +-
