ROI1  - l_c_mode =  49.99999989760961 +- 876.1846278811196
      - l_c_median =  899864512.8129351 +-
      - l_c_mid =  3817514419588.8066 +-
      - sigma =  4.087264582242848 +- 203.77681234160445
      - M0 =  3315.9252714756103 +- 109.78670166620176
      - D0 =  7e-13 +-
ROI1  - l_c_mode =  99.99998594576873 +- 327909.2889155503
      - l_c_median =  526151493377.0907 +-
      - l_c_mid =  3.816508567195745e+16 +-
      - sigma =  4.731139923210259 +- 313.81703902126117
      - M0 =  3315.722506053985 +- 110.07709572795741
      - D0 =  7e-13 +-
