ROI1  - tc_1 =  0.7192774347818143 +- 0.20850469801596258
       - alpha_1 =  0.5509706921894975 +- 0.005195176978460387
       - M01 =  463.6476344342327 +- 2.5553717655084434
       - D0_ext =  2.3e-12
       - tc_2 =  2.6642172471915386 +- 0.38878741282868423
       - alpha_2 =  0.0 +- 0
       - M02 =  131.90686991889632 +- 11.749441588619025
       - C =  47.83475377572826 +- 14.253834589148344
       - D0_int =  6.5e-13
       - Chi cuadrado =  95.67954875958267
       - Reduced chi cuadrado =  1.2266608815331113
