ROI1  - tc_1 =  0.10000001263427918 +- 0.9045733857646882
       - tc_2 =  1.8 +- 0
       - alpha_2 =  0.0 +- 0
