ROI1  - tc_1 =  0.9392662620743094 +- 1.9260761997578864
       - tc_2 =  1.8 +- 0
       - alpha_2 =  0.0 +- 0
