ROI1  - tc_1 =  0.47803721054314696 +- 0.8199153707771633
       - tc_2 =  1.8 +- 0
       - alpha_2 =  0.0 +- 0
