roi  - alpha_1 =  0.57 +- 0
       - M01 =  1990.8328109318088 +- 30.49345472702954
       - D0_ext =  2.3e-12
       - tc_2 =  2.14 +- 0
       - M02 =  1435.088207389949 +- 2.488242715697635
       - D0_int =  6.5e-13
       - Chi cuadrado =  347.42512689235514
       - Reduced chi cuadrado =  19.301395938464175
roi  - alpha_1 =  0.6015619344728979 +- 0.0538926731938088
       - M01 =  2209.260866722508 +- 399.9519291135422
       - D0_ext =  2.3e-12
       - tc_2 =  2.1783626650534895 +- 0.07475516332534067
       - M02 =  1456.6970494084453 +- 40.53029513245699
       - D0_int =  6.5e-13
       - Chi cuadrado =  339.46711413513987
       - Reduced chi cuadrado =  21.21669463344624
roi  - alpha_1 =  0.5788523861234931 +- 0.025502052111021505
       - M01 =  2063.7958263987975 +- 216.55584086476912
       - D0_ext =  2.3e-12
       - tc_2 =  2.14 +- 0
       - M02 =  1436.0373973973024 +- 3.7064367883964056
       - D0_int =  6.5e-13
       - Chi cuadrado =  344.9585653680425
       - Reduced chi cuadrado =  20.291680315767206
