ROI1  - tc_1 =  0.10000000071480848 +- 0.824867012286406
       - alpha_1 =  0.5604098203938268 +- 0.0033242047042858895
       - M01 =  395.4557318841817 +- 0.9191953439004931
       - D0_ext =  2.3e-12
       - tc_2 =  5.1606529601373845 +- 0.10579161111797254
       - alpha_2 =  0.0 +- 0
       - M02 =  67.59364349218366 +- 0.9662949407411567
       - C =  50 +- 0
       - D0_int =  6.5e-13
       - Chi cuadrado =  71.93549098883659
       - Reduced chi cuadrado =  0.922249884472264
