ROI1  - tc_1 =  1.492918688436808 +- 0.20688858988704598
       - alpha_1 =  0.5811554113728653 +- 0.012795481466301262
       - M01 =  1655.4316843717404 +- 8.471344391531098
       - D0_ext =  2.3e-12
       - tc_2 =  2.21 +- 0
       - alpha_2 =  0.0 +- 0
       - M02 =  832.8234521990669 +- 13.183605453063201
       - C =  99.06518966568858 +- 6.300923342716005
       - D0_int =  6.5e-13
       - Chi cuadrado =  22955.427360219022
       - Reduced chi cuadrado =  290.5750298761902
