ROI1  - l_c_mode =  3.501797257132511 +- 0.40138105425207554
      - l_c_median =  3.8247422224647893 +-
      - l_c_mid =  3.9972172795658985 +-
      - sigma =  0.2970096521186888 +- 0.04455249386735092
      - M0 =  23218.025321721696 +- 10351.195323872795
      - D0 =  2.3e-12 +-
