ROI1  - tc_1 =  0.5188768737460918 +- 0.1016078365065562
       - alpha_1 =  0.5446768337961512 +- 0.0020600318597292244
       - M01 =  638.2052941302857 +- 0.6167813725944803
       - D0_ext =  2.3e-12
       - tc_2 =  1.8954854783943742 +- 0.006820678672193244
       - alpha_2 =  0.0 +- 0
       - M02 =  182.93138255494168 +- 0.6119227814244314
       - D0_int =  7e-13
       - Chi cuadrado =  121.52579067292541
       - Reduced chi cuadrado =  1.5383011477585495
