ROI1  - tc_1 =  9.008939522402567 +- 252917838.3592448
       - alpha_1 =  0.3403529294121237 +- 73367250.3438639
       - M01 =  27.543022523029425 +- 7317900.933199495
       - D0_ext =  2.3e-12
       - tc_2 =  2.21 +- 0
       - alpha_2 =  0.0 +- 0
       - M02 =  1809.751260394034 +- 24.93308560154073
       - D0_int =  7e-13
ROI1  - tc_1 =  3.0413493408449432 +- 94162.85475841809
       - alpha_1 =  0.0 +- 0
       - M01 =  0.10226997548157257 +- 21732350.81354839
       - D0_ext =  2.3e-12
       - tc_2 =  2.21 +- 0
       - alpha_2 =  0.0 +- 0
       - M02 =  1809.586526589747 +- 114.47449710693627
       - D0_int =  7e-13
