ROI1  - tc_1 =  6.109637145819468 +- 0.6487397061034237
       - alpha_1 =  0.3 +- 0
       - M01 =  0.6876703036094204 +- 0.025995422581436188
       - D0_ext =  2.3e-12
       - tc_2 =  1.5564777212939824 +- 0.5181114090835385
       - alpha_2 =  0.03 +- 0
       - M02 =  0.061988307805569964 +- 0.025682094569268735
       - D0_int =  7e-13
ROI1  - tc_1 =  6.486961688043509 +- 0.1300083939385514
       - alpha_1 =  0.3 +- 0
       - M01 =  0.7025455375710269 +- 0.004855854851208552
       - D0_ext =  2.3e-12
       - tc_2 =  1.5906066993874812 +- 0.09687528213314815
       - alpha_2 =  0.03 +- 0
       - M02 =  0.06434376316909873 +- 0.004906321621426686
       - D0_int =  7e-13
