ROI1  - l_c_mode =  1.678750090562188 +- 0.008747608638822575
      - l_c_median =  1.7371199868747826 +-
      - l_c_mid =  1.7670616484897923 +-
      - sigma =  0.18487573973931468 +- 0.024342552749395074
      - M0 =  457.05126264998034 +- 11.536999514010049
      - D0 =  7e-13 +-
