      - alpha_1 =  0.57 +- 0.09056355621009776
      - M0_1 =  0.56 +- 0.08969475872318074
      - D0_1 =  2.3e-12 +-
      - lc_mode_2 =  1.7 +- 218.42906183145632
      - lc_median_2 =  1.792351152625588 +-
      - lc_mid_2 =  1.8403913717888398 +-
      - sigma_2 =  0.23000000000000007 +- 53.93153523838341
      - alpha_2 =  0.0 +- 3.284123852598972e-14
      - M0_2 =  0.43999999999999995 +- 0.08969475850837716
      - D0_2 =  6.5e-13 +-
      - alpha_1 =  0.6532336046556937 +- 0.03050927326487584
      - M0_1 =  0.5006582225862799 +- 0.017462743914075245
      - D0_1 =  2.3e-12 +-
      - lc_mode_2 =  1.4 +- 0
      - lc_median_2 =  1.5937221202915828 +-
      - lc_mid_2 =  1.7004148260540979 +-
      - sigma_2 =  0.36 +- 0
      - alpha_2 =  1.9724721855851612e-11 +- 0.005570398432600269
      - M0_2 =  0.4993417774137201 +- 0.017462743877680344
      - D0_2 =  6.5e-13 +-
      - alpha_1 =  0.57 +- 0
      - M0_1 =  0.49888655228972556 +- 0.010533942808131254
      - D0_1 =  2.3e-12 +-
      - lc_mode_2 =  0.9271539193006141 +- 112367061.15580359
      - lc_median_2 =  0.940531700768714 +-
      - lc_mid_2 =  0.947292803206848 +-
      - sigma_2 =  0.11969027715528915 +- 2043752392.4122016
      - alpha_2 =  0.00047375908739144545 +- 0.0002713622728173313
      - M0_2 =  0.5011134477102744 +- 0.01053394271718866
      - D0_2 =  6.5e-13 +-
      - alpha_1 =  0.6556787004679522 +- 0.028290761777132092
      - M0_1 =  0.5019631737338401 +- 0.01617275933759174
      - D0_1 =  2.3e-12 +-
      - lc_mode_2 =  1.4 +- 0
      - lc_median_2 =  1.5937221202915828 +-
      - lc_mid_2 =  1.7004148260540979 +-
      - sigma_2 =  0.36 +- 0
      - alpha_2 =  9.523104527175974e-12 +- 0.0014358287955219342
      - M0_2 =  0.49803682626615986 +- 0.016172759285206683
      - D0_2 =  6.5e-13 +-
