ROI1  - tc_1 =  0.10000000017814743 +- 0.2508974904453828
       - alpha_1 =  0.5580796391458979 +- 0.003424933393531771
       - M01 =  2394.755554331135 +- 4.5322827158067
       - D0_ext =  2.3e-12
       - tc_2 =  2.21 +- 0
       - alpha_2 =  0.0 +- 0
       - M02 =  1024.1898908374196 +- 7.508360786044119
       - C =  178.16429052041616 +- 3.273411720204428
       - D0_int =  6.5e-13
       - Chi cuadrado =  4261.265596876202
       - Reduced chi cuadrado =  53.940070846534205
