roi  - alpha_1 =  0.4933481312572341 +- 0.003993798884795181
       - M01 =  556.0451416866757 +- 5.335102316147135
       - D0_ext =  2.3e-12
       - tc_2 =  1.9442317949659724 +- 0.004742165967598
       - alpha_2 =  0.0 +- 0
       - M02 =  178.06596602306934 +- 0.5057000524080304
       - D0_int =  6.5e-13
       - Chi cuadrado =  13.30718917593919
       - Reduced chi cuadrado =  0.350189188840505
