ROI1  - l_c_mode =  3.4960579347292877 +- 0.8525282002210474
      - l_c_median =  7.834527541294161 +-
      - l_c_mid =  11.7281606697979 +-
      - sigma =  0.8982786558566269 +- 0.1912667312935318
      - M0 =  2133.214243055855 +- 22.60041969914605
      - D0 =  2.3e-12 +-
