roi  - alpha_1 =  0.4523243490639037 +- 1.2944754929955467
       - M01 =  3760.6202647448376 +- 10249.190315185444
       - D0_ext =  2.3e-12
       - tc_2 =  2.21 +- 0
       - M02 =  0.0001405177330049412 +- 10141.941676179056
       - D0_int =  1e-12
       - Chi cuadrado =  11996.643082021777
       - Reduced chi cuadrado =  666.4801712234321
