ROI1  - l_c_mode =  2.14 +- 0
      - l_c_median =  2.3415329671291505 +-
      - l_c_mid =  2.4493087185118134 +-
      - sigma =  0.3 +- 0
      - M0 =  388.99987479996526 +- 0.22217566410497372
      - D0 =  1e-12 +- 0
      - Chi cuadrado =  1.0273215795226558
      - Reduced chi cuadrado =  0.05136607897613279
ROI1  - l_c_mode =  2.1457474642811643 +- 0.0577775657634322
      - l_c_median =  2.3504180150711336 +-
      - l_c_mid =  2.4599617639140217 +-
      - sigma =  0.3018364312269234 +- 0.040218310384754714
      - M0 =  392.55100349662825 +- 38.378699577874976
      - D0 =  1e-12 +- 0
      - Chi cuadrado =  1.022293705712596
      - Reduced chi cuadrado =  0.05679409476181089
