roi  - alpha_1 =  0.4918530822369151 +- 0.0024758793751876477
       - M01 =  268.71577684593444 +- 1.6171922999893718
       - D0_ext =  2.3e-12
       - tc_2 =  2.241 +- 0
       - M02 =  102.63547656482686 +- 0.1312600384275001
       - D0_int =  6.5e-13
       - Chi cuadrado =  0.5855760529161314
       - Reduced chi cuadrado =  0.032532002939785074
