ROI1  - lc_mode_1 =  2.8357156326461053 +- 22634.862159423144
      - lc_median_1 =  3.415737924359942 +-
      - lc_mid_1 =  3.7488276441936526 +-
      - sigma_1 =  0.43139218801656687 +- 59030.84443990289
      - M0_1 =  -595.7991162411672 +- 60409435.41316151
      - D0_ext =  2.3e-12 +-
      - lc_mode_2 =  7.3467550271974265 +- 22599343.697294127
      - lc_median_2 =  79.9595994266015 +-
      - lc_mid_2 =  11.268654593896494 +-
      - sigma_2 =  1.5450769486040432 +- 3754841816.5197067
      - M0_2 =  3098.462285618665 +- 55259385.92139835
      - D0_int =  7e-13 +-
ROI1  - lc_mode_1 =  3.12050342433079 +- 33929047403069.797
      - lc_median_1 =  3.1230392788190144 +-
      - lc_mid_1 =  3.1243079787374057 +-
      - sigma_1 =  0.028501100609770014 +- 638636314690.8369
      - M0_1 =  2179.3228073700725 +- 3046315.093443259
      - D0_ext =  2.3e-12 +-
      - lc_mode_2 =  5.7035335314917335 +- 76641562627.8545
      - lc_median_2 =  82.24535318485374 +-
      - lc_mid_2 =  11.85935670191867 +-
      - sigma_2 =  1.633591439509991 +- 51068833.257492036
      - M0_2 =  260.0298766860354 +- 2848055.5128788236
      - D0_int =  7e-13 +-
