ROI1  - l_c_mode =  9.479366374072246 +- 855.1277767428759
      - l_c_median =  9.480648150187829 +-
      - l_c_mid =  9.48128910323861 +-
      - sigma =  0.011627912436925139 +- 1162.785255759877
      - M0 =  561.2013382894511 +- 1.2416642290610453
      - D0 =  2.3e-12 +-
