ROI1  - tc_1 =  0.10000000078650732 +- 0.10659549252321172
       - alpha_1 =  0.57 +- 0
       - M01 =  394.35479656796946 +- 1.306460289271011
       - D0_ext =  2.3e-12
       - tc_2 =  5.142788046495157 +- 0.23727115805611085
       - alpha_2 =  0.0 +- 0
       - M02 =  70.58914924030435 +- 0.7353330932720433
       - C =  49.45581136503387 +- 0.6244909888354955
       - D0_int =  6.5e-13
       - Chi cuadrado =  92.87527404465311
       - Reduced chi cuadrado =  1.1907086415981167
