ROI1  - M0 =  3000.0 +- None
      - l_c_mode =  5.5 +- None
      - l_c_median =  12.363493926720594 +-
      - l_c_mid =  18.536617353768843 +-
      - sigma =  0.9 +- None
      - D0 =  2.3e-12 +-
