ROI1  - l_c_mode =  2.14 +- 0
      - l_c_median =  2.3415329671291505 +-
      - l_c_mid =  2.4493087185118134 +-
      - sigma =  0.3 +- 0
      - M0 =  2218.288204990061 +- 7.240224464329355
      - D0 =  1e-12 +- 0
      - Chi cuadrado =  443.7463793188405
      - Reduced chi cuadrado =  22.187318965942026
ROI1  - l_c_mode =  8.770961036690306 +- 85161.10607660584
      - l_c_median =  8.901940868070792 +-
      - l_c_mid =  8.968162456213205 +-
      - sigma =  0.12174951891538621 +- 168919.3388006943
      - M0 =  383.83250723032506 +- 3381.585382150844
      - D0 =  1.470026358006688e-14 +- 1.1952404093016933e-12
      - Chi cuadrado =  483.2199494854364
      - Reduced chi cuadrado =  28.424702910908024
ROI1  - l_c_mode =  1.9379182091205642 +- 0.1080207930651324
      - l_c_median =  1.9574015510018272 +-
      - l_c_mid =  1.9672165545514546 +-
      - sigma =  0.10001772625906491 +- 1.4734419351685535
      - M0 =  1593.821646655022 +- 194.02282961574042
      - D0 =  1e-12 +- 0
      - Chi cuadrado =  201.51069955441005
      - Reduced chi cuadrado =  11.195038864133892
