ROI1  - tc_1 =  16.155493990511705 +- 2.2982383140591027
       - alpha_1 =  0.34 +- 0
       - M01 =  671.9735954218204 +- 26.013481717612635
       - D0_ext =  2.3e-12
       - tc_2 =  2.1394063296833985 +- 0.06620216070592475
       - alpha_2 =  0.0 +- 0
       - M02 =  414.9621684986804 +- 24.118452908523334
       - D0_int =  7e-13
       - Chi cuadrado =  306.1711546469525
       - Reduced chi cuadrado =  9.005033960204486
