ROI1  - l_c_mode =  2.14 +- 0
      - l_c_median =  2.3415329671291505 +-
      - l_c_mid =  2.4493087185118134 +-
      - sigma =  0.3 +- 0
      - M0 =  239.12700550626687 +- 0.272712234557163
      - D0 =  1e-12 +- 0
      - Chi cuadrado =  1.8213524642909884
      - Reduced chi cuadrado =  0.09106762321454942
ROI1  - l_c_mode =  2.7180759959551635 +- 0.6493444735457393
      - l_c_median =  3.9239888990388763 +-
      - l_c_mid =  4.714773757017632 +-
      - sigma =  0.6059574548774253 +- 0.17765609434371785
      - M0 =  516.1949297423034 +- 341.3232065940076
      - D0 =  1e-12 +- 0
      - Chi cuadrado =  0.5703261344793815
      - Reduced chi cuadrado =  0.03168478524885453
