ROI1  - tc_1 =  28.699688046340274 +- 7.919795053486366
       - alpha_1 =  0.8567887722548175 +- 5999853335.2565775
       - M01 =  9176.056772883276 +- 699295686264367.9
       - D0_ext =  2.3e-12
       - tc_2 =  2.21 +- 0
       - alpha_2 =  0.0 +- 0
       - M02 =  235.91872019683825 +- 1.9193905909664615
       - D0_int =  7e-13
ROI1  - tc_1 =  49.20441230730128 +- 164696.2346116212
       - alpha_1 =  0.0 +- 0
       - M01 =  9641.164220667368 +- 977911716154.1674
       - D0_ext =  2.3e-12
       - tc_2 =  2.21 +- 0
       - alpha_2 =  0.0 +- 0
       - M02 =  234.77206122061168 +- 0.8584131434305342
       - D0_int =  7e-13
