ROI1  - tc_1 =  0.8868058990455361 +- 0.10311744551688448
       - alpha_1 =  0.5461235345576754 +- 0.002629262064292623
       - M01 =  466.33361969474316 +- 0.5533070613938972
       - D0_ext =  2.3e-12
       - tc_2 =  2.21 +- 0
       - alpha_2 =  0.0 +- 0
       - M02 =  151.58730863359006 +- 1.046977970054493
       - C =  25.43510365892996 +- 0.5835031891609818
       - D0_int =  6.5e-13
       - Chi cuadrado =  102.23653320507944
       - Reduced chi cuadrado =  1.2941333317098662
