ROI1  - l_c_mode =  12.783763415052501 +- 7.532468200670719
      - l_c_median =  20.022467650326856 +-
      - l_c_mid =  25.058036565632886 +-
      - sigma =  0.669835161086387 +- 0.11943872309022585
      - M0 =  99999.99810727681 +- 167275.82371561255
      - D0 =  2.3e-12 +-
