ROI1  - l_c_mode =  6.406997373957596 +- 0.046837305896340845
      - l_c_median =  9.902821476631507 +-
      - l_c_mid =  12.311505170157252 +-
      - sigma =  0.6598704277280553 +- 0.011531679731569258
      - M0 =  1118.0419921458815 +- 0.9832537418910139
      - D0 =  2.3e-12 +-
