ROI1  - l_c_mode =  2.14 +- 0
      - l_c_median =  2.3415329671291505 +-
      - l_c_mid =  2.4493087185118134 +-
      - sigma =  0.3 +- 0
      - M0 =  3029.7519791941213 +- 14.428017383035385
      - D0 =  1e-12 +- 0
      - Chi cuadrado =  2131.2933256656866
      - Reduced chi cuadrado =  106.56466628328432
ROI1  - l_c_mode =  1.5542839512664606 +- 1.0292118895986446
      - l_c_median =  1.5699048113295817 +-
      - l_c_mid =  1.577774015388906 +-
      - sigma =  0.10000014859696599 +- 0.05690972914200566
      - M0 =  1394.8877609789688 +- 710.3752028517248
      - D0 =  6.199131181386627e-13 +- 5.079712774488799e-13
      - Chi cuadrado =  19.933211327349863
      - Reduced chi cuadrado =  1.172541842785286
ROI1  - l_c_mode =  1.8914564616962524 +- 0.008513330629978519
      - l_c_median =  1.9510767022469069 +-
      - l_c_mid =  1.9815878926959085 +-
      - sigma =  0.17616534346446572 +- 0.013588900124325037
      - M0 =  2018.0755056799535 +- 32.83154656993261
      - D0 =  1e-12 +- 0
      - Chi cuadrado =  25.175989320023888
      - Reduced chi cuadrado =  1.3986660733346605
