ROI1  - l_c_mode =  44.61813128111976 +- None
      - l_c_median =  44.6186814368624 +-
      - l_c_mid =  44.61895651727756 +-
      - sigma =  0.003511444414862275 +- None
      - M0 =  3643.175273714529 +- None
      - D0 =  7e-13 +-
