ROI1  - tc_1 =  4.881509314384615 +- 0.5863761958433735
       - tc_2 =  1.8 +- 0
       - alpha_2 =  0.0 +- 0
