ROI1  - tc_1 =  2.707574157707565 +- 0.21927458145074424
       - tc_2 =  1.8 +- 0
       - alpha_2 =  0.0 +- 0
