ROI1  - tc_1 =  1.7881862509295983 +- 0.15652269866550253
       - tc_2 =  1.8 +- 0
       - alpha_2 =  0.0 +- 0
