roi  - alpha_1 =  0.49158597598396536 +- 0.0107602102742097
       - M01 =  269.5698693157311 +- 7.039313356304543
       - D0_ext =  2.3e-12
       - tc_2 =  1.7306051479971947 +- 0.01268076404375346
       - alpha_2 =  0.0 +- 0
       - M02 =  99.45559758245015 +- 0.61927819910415
       - D0_int =  6.5e-13
       - Chi cuadrado =  23.469871939431027
       - Reduced chi cuadrado =  0.6176282089323955
