ROI1  - tc_1 =  7.423022616522925 +- 0.27470831263577794
       - alpha_1 =  0.3 +- 0
       - M01 =  403.09782567049814 +- 5.198474332758378
       - D0_ext =  2.3e-12
       - tc_2 =  2.285817535032346 +- 0.10728351698355162
       - alpha_2 =  0 +- 0
       - M02 =  236.3965769657772 +- 17.21861932670412
       - D0_int =  7e-13
ROI1  - tc_1 =  5.028 +- 0
       - alpha_1 =  0.3 +- 0
       - M01 =  368.6469359646183 +- 8.662062768462269
       - D0_ext =  2.3e-12
       - tc_2 =  2.076 +- 0
       - alpha_2 =  0 +- 0
       - M02 =  233.33256988777418 +- 32.28537676839227
       - D0_int =  7e-13
