ROI1  - l_c_mode =  2.041596713521132 +- 0.03752742436200108
      - l_c_median =  2.2136190221330803 +-
      - l_c_mid =  2.304991553295609 +-
      - sigma =  0.2844231677360601 +- 0.07355347414530702
      - M0 =  652.1727885269356 +- 65.92404189468469
      - D0 =  7e-13 +-
