ROI1  - tc_1 =  0.75282927061267 +- 0.17825450576234547
       - alpha_1 =  0.6196563341341931 +- 0.013173525880883427
       - M01 =  2426.716245598626 +- 15.906069792205392
       - D0_ext =  2.3e-12
       - tc_2 =  1.5130021181569118 +- 0.03631645946701167
       - alpha_2 =  0.027939455762848342 +- 0.00455806845686162
       - M02 =  1310.346484814423 +- 16.59743893942882
       - D0_int =  7e-13
       - Chi cuadrado =  31006.761883339386
       - Reduced chi cuadrado =  402.68521926414786
