roi  - lc moda =  1.069998029519252  +/-  587.3657767270479
       - sigma =  0.07891582076661663  +/-  2272.624076349468
       - D0 =  1e-13  +/-  0
       - lc mediana =  1.076682456209081
       - lc media =  1.0800403127417397
       - Chi cuadrado =  3810.7177699313847
       - Reduced chi cuadrado =  19.54214240990454
    - M0_1 = 684.9127875520569 +- 3.6108066990160816
    - M0_2 = 734.0905909201109 +- 3.5272916931769864
    - M0_3 = 537.2357552509577 +- 3.8357232960085925
    - M0_4 = 372.90683349858966 +- 3.0153403397667464
    - M0_5 = 243.79629391754503 +- 2.4613283482726147
    - M0_6 = 223.65094756363973 +- 2.346247209067991
    - M0_7 = 129.43902649727528 +- 1.8018220745657547
    - M0_8 = 139.69588505815062 +- 1.725789923941784
    - M0_9 = 85.53175854587313 +- 1.6318225335974421
    - M0_10 = 92.38471521676422 +- 1.648671968238875
