ROI1  - l_c_mode =  5.625649943159334 +- 0.0801131542396164
      - l_c_median =  9.873070121605307 +-
      - l_c_mid =  13.079525230577337 +-
      - sigma =  0.7499829158710414 +- 0.01740290239720793
      - M0 =  854.0455563394935 +- 0.9949632013545601
      - D0 =  2.3e-12 +-
