roi  - alpha_1 =  0.57 +- 0
       - M01 =  0.56350087040734 +- 0.004820065886496207
       - D0_1 =  2.3e-12
       - tc_2 =  2.21 +- 0
       - alpha_2 =  0.0 +- 0
       - M02 =  0.47884785386602835 +- 0.02105590426452609
       - D0_2 =  7e-13
       - Chi cuadrado =  0.00030123162893522275
       - Reduced chi cuadrado =  9.717149320491056e-06
roi  - alpha_1 =  0.57 +- 0
       - M01 =  0.56350086945107 +- 0.004820065890681839
       - D0_1 =  2.3e-12
       - tc_2 =  2.21 +- 0
       - alpha_2 =  0.0 +- 0
       - M02 =  0.47884785367690563 +- 0.021055904276717063
       - D0_2 =  7e-13
       - Chi cuadrado =  0.000301231628935223
       - Reduced chi cuadrado =  9.717149320491065e-06
