ROI1  - tc_1 =  12.703654171010285 +- 350.54577788344204
       - alpha_1 =  4.176313306292201e-08 +- 7.180350695555463
       - M01 =  8.17721184281885 +- 56.04047172469241
       - D0_ext =  2.3e-12
       - tc_2 =  2.1306714965655456 +- 0.17947224157379868
       - alpha_2 =  0.0 +- 0
       - M02 =  1.4823719498867955 +- 0.08169343266289442
       - D0_int =  7e-13
ROI1  - tc_1 =  0.5554175158847174 +- 775.1701669344491
       - alpha_1 =  0.5108882430716672 +- 0.18991894571961135
       - M01 =  2.6100926056166394 +- 389.5699155647577
       - D0_ext =  2.3e-12
       - tc_2 =  2.1176357039063887 +- 1.926731532010068
       - alpha_2 =  0.0 +- 0
       - M02 =  1.47645418300835 +- 0.9940552636840607
       - D0_int =  7e-13
