ROI1  - l_c_mode =  3.6431750856376017 +- 0.016804410083485117
      - l_c_median =  7.444718701421539 +-
      - l_c_mid =  10.642224524824226 +-
      - sigma =  0.8453693300296401 +- 0.009044139746664868
      - M0 =  4980.994605040704 +- 25.72537306937202
      - D0 =  2.3e-12 +-
