roi  - alpha_1 =  0.3979741668603754 +- 0.04492640481964838
       - M01 =  1360.479144887532 +- 127.06519482041216
       - D0_ext =  2.3e-12
       - tc_2 =  2.21 +- 0
       - M02 =  2.964295475749168e-10 +- 2.3029580261084845
       - D0_int =  1e-12
       - Chi cuadrado =  27.99274628325569
       - Reduced chi cuadrado =  1.555152571291983
