ROI1  - l_c_mode =  1.87 +- None
      - l_c_median =  2.064418690282897 +-
      - l_c_mid =  2.1690814995843173 +-
      - sigma =  0.3145 +- None
      - M0 =  178.5 +- None
      - D0 =  7e-13 +-
