ROI1  - tc_1 =  2.6287887066590385 +- 29.312627779604554
       - alpha_1 =  0.38476525900638137 +- 0.1272783350083293
       - M01 =  1400.5258845955725 +- 991.2556290939496
       - D0_ext =  2.3e-12
       - tc_2 =  2.21 +- 0
       - alpha_2 =  0.0 +- 0
       - M02 =  1.6237511335503996e-07 +- 209.0871055505653
       - D0_int =  7e-13
