roi  - alpha_1 =  0.57 +- 0
       - M01 =  1598.2646618529573 +- 50.075250613666654
       - D0_ext =  2.3e-12
       - tc_2 =  1.86 +- 0
       - M02 =  887.811991571627 +- 5.769923897698856
       - D0_int =  6.5e-13
       - Chi cuadrado =  3828.0122594595287
       - Reduced chi cuadrado =  201.47432944523834
roi  - alpha_1 =  0.42750379532057226 +- 0.08518664817243732
       - M01 =  1024.7136713137197 +- 111.2642488907433
       - D0_ext =  2.3e-12
       - tc_2 =  2.215068010072556 +- 0.8383597636055958
       - M02 =  919.649449493187 +- 164.68006070982207
       - D0_int =  6.5e-13
       - Chi cuadrado =  1196.907758601834
       - Reduced chi cuadrado =  70.40633874128436
roi  - alpha_1 =  0.3982558447122666 +- 0.024398435051004842
       - M01 =  997.7840509367603 +- 65.03876277049905
       - D0_ext =  2.3e-12
       - tc_2 =  1.86 +- 0
       - M02 =  853.8176925131569 +- 7.796632436846132
       - D0_int =  6.5e-13
       - Chi cuadrado =  1207.1662450631927
       - Reduced chi cuadrado =  67.0647913923996
