ROI1  - tc_1 =  0.15079870666647066 +- 0.21972532728770713
       - alpha_1 =  0.5466853281678243 +- 0.004671812213219701
       - M01 =  2450.4220702449065 +- 6.832007427891626
       - D0_ext =  2.3e-12
       - tc_2 =  1.6295895290812834 +- 0.011279282220410873
       - alpha_2 =  0.0 +- 0
       - M02 =  1144.0277963714423 +- 7.177087579790405
       - D0_int =  7e-13
       - Chi cuadrado =  8170.710192572515
       - Reduced chi cuadrado =  103.42671129838627
