ROI1  - l_c_mode =  99.99973677359323 +- 227579.57593565222
      - l_c_median =  230.38838257551004 +-
      - l_c_mid =  349.69662055821345 +-
      - sigma =  0.9135638735088826 +- 143.74168381704584
      - M0 =  1233.624738596045 +- 20.34166612240466
      - D0 =  7e-13 +-
