ROI1  - l_c_mode =  3.6057885453179024 +- 0.3436817130441857
      - l_c_median =  9.40693978552847 +-
      - l_c_mid =  15.194010379622867 +-
      - sigma =  0.9792380755252271 +- 0.1871715692014332
      - M0 =  4589.111771855448 +- 6.210807111398907
      - D0 =  2.3e-12 +-
