ROI1  - tc_1 =  1.2479287545279079 +- 0.17110903192432173
       - alpha_1 =  0.5099977186468516 +- 0.00770154032797764
       - M01 =  736.3331361692188 +- 2.7633716611533155
       - D0_ext =  2.3e-12
       - tc_2 =  1.7061735922675185 +- 0.03499193381088601
       - alpha_2 =  0.005307112997034402 +- 0.001859320211042792
       - M02 =  309.0937979242958 +- 2.795024756199664
       - D0_int =  7e-13
       - Chi cuadrado =  2101.8597119674714
       - Reduced chi cuadrado =  28.403509621182046
