ROI1  - tc_1 =  19.72627286157608 +- 3.1291833863813445
       - alpha_1 =  0.3 +- 0
       - M01 =  1.731189032925498 +- 0.025423235322726175
       - D0_ext =  2.3e-12
       - tc_2 =  2.0 +- 0
       - alpha_2 =  0.0 +- 0
       - M02 =  0.9346545876417051 +- 0.019950745014003523
       - D0_int =  7e-13
ROI1  - tc_1 =  6.511404748757348 +- 77.38936471410716
       - alpha_1 =  9.888854179962436e-10 +- 12.059582830913689
       - M01 =  2.9277512882175047 +- 7.231134169084941
       - D0_ext =  2.3e-12
       - tc_2 =  2.0 +- 0
       - alpha_2 =  0.0 +- 0
       - M02 =  0 +- 0
       - D0_int =  7e-13
ROI1  - tc_1 =  6.0 +- 314470.2052931647
       - alpha_1 =  0.3 +- 13342.298729133781
       - M01 =  1.0 +- 6.48820897107016e-08
       - D0_ext =  2.3e-12
       - tc_2 =  2.0 +- 544.0614066707726
       - alpha_2 =  0.0 +- 0
       - M02 =  1.0 +- 1.1970153929614772e-09
       - D0_int =  7e-13
ROI1  - tc_1 =  3.7096238537557435 +- 1713.4760288487687
       - alpha_1 =  0.9951797789590676 +- 2.502536624002748
       - M01 =  1 +- 0
       - D0_ext =  2.3e-12
       - tc_2 =  2.0 +- 0
       - alpha_2 =  0.0 +- 0
       - M02 =  0.9071106615969536 +- 0.47285875791182425
       - D0_int =  7e-13
