ROI1  - tc_1 =  18.242729790889133 +- 7.937120004791401
       - alpha_1 =  0.57 +- 0
       - M01 =  2185.816490862933 +- 97.81203229735665
       - D0_ext =  2.3e-12
       - tc_2 =  1.927679004398449 +- 0.0643083710625202
       - alpha_2 =  0.0 +- 0
       - M02 =  1640.2207609210946 +- 91.47122327345058
       - D0_int =  7e-13
       - Chi cuadrado =  12849.304036180522
       - Reduced chi cuadrado =  338.1395798994874
