roi  - lc moda =  1.8329790867464288  +/-  0.008233001029545809
       - sigma =  0.15992102777771028  +/-  0.012467591676111871
       - D0 =  9e-13  +/-  0
       - lc mediana =  1.8804616300791064
       - lc media =  1.9046621850609626
       - Chi cuadrado =  1180.689343703446
       - Reduced chi cuadrado =  6.054817147197158
    - M0_1 = 2192.927652520827 +- 29.307837645055802
    - M0_2 = 1902.5617374419407 +- 30.572302396290073
    - M0_3 = 1367.1629034721689 +- 23.61326097911782
    - M0_4 = 848.1993480127909 +- 16.137377092295168
    - M0_5 = 523.5405331514631 +- 10.519802097860127
    - M0_6 = 446.42320006747116 +- 9.417200233733311
    - M0_7 = 240.0015939719713 +- 5.37968774544381
    - M0_8 = 238.07922830708483 +- 5.364629974743775
    - M0_9 = 140.94481494061006 +- 3.40423185860383
    - M0_10 = 146.68320435220483 +- 3.5119119004334576
