ROI1  - l_c_mode =  8.07889904128779 +- 4.447402148255759
      - l_c_median =  10.37295515782419 +-
      - l_c_mid =  11.753782776597914 +-
      - sigma =  0.4999463446078978 +- 1.2423214823378563
      - M0 =  433.81734912157935 +- 10.868954105963706
      - D0 =  2.3e-12 +-
ROI1  - l_c_mode =  9.847183052081272 +- 2.0890168883770315
      - l_c_median =  9.94606753489383 +-
      - l_c_mid =  9.995881526157929 +-
      - sigma =  0.09995909515087908 +- 1.903361550102062
      - M0 =  439.51651346709787 +- 9.355730682444126
      - D0 =  2.3e-12 +-
ROI1  - l_c_mode =  4.087649803085986 +- 7.0881819845704515
      - l_c_median =  11.110441704173768 +-
      - l_c_mid =  18.31724467331386 +-
      - sigma =  0.9999575868944519 +- 1.4432338243319098
      - M0 =  426.7156814666696 +- 10.174530564501953
      - D0 =  2.3e-12 +-
