ROI1  - tc_1 =  14.140813378383067 +- 0.639623102507776
       - alpha_1 =  0.37 +- 0
       - M01 =  1024.2805011016987 +- 12.103888791562007
       - D0_ext =  2.3e-12
       - tc_2 =  1.950112475677252 +- 0.031030660656550937
       - alpha_2 =  0.0 +- 0
       - M02 =  411.4192259206034 +- 11.313127946816682
       - D0_int =  7e-13
       - Chi cuadrado =  91.30116899830914
       - Reduced chi cuadrado =  2.4675991621164632
