Ajuste 1 - alpha1 = 0.45
ROI1  - tc_1 =  2.23 +- 0
     - M0_1 =  1747.8314352133239 +- 11026.554529754176
      - D0_1 =  2.3e-12
      - alpha_2 =  0 +- 0
      - tc_2 =  2.23 +- 0
      - M0_2 =  1430.043901538174 +- 9021.72642856312
      - D0_2 =  7e-13
      - Chi cuadrado =  163098.58081266537
      - Reduced chi cuadrado =  9061.032267370298
Ajuste 2 - alpha1 = 0.5
ROI1  - tc_1 =  2.23 +- 0
     - M0_1 =  1797.7946433613417 +- 8852.440087895438
      - D0_1 =  2.3e-12
      - alpha_2 =  0 +- 0
      - tc_2 =  2.23 +- 0
      - M0_2 =  1470.922890022916 +- 7242.90551092715
      - D0_2 =  7e-13
      - Chi cuadrado =  118909.57636953055
      - Reduced chi cuadrado =  6606.08757608503
Ajuste 3 - alpha1 = 0.55
ROI1  - tc_1 =  2.23 +- 0
     - M0_1 =  1846.3313584143323 +- 7205.310032830363
      - D0_1 =  2.3e-12
      - alpha_2 =  0 +- 0
      - tc_2 =  2.23 +- 0
      - M0_2 =  1510.6347477935444 +- 5895.253658598405
      - D0_2 =  7e-13
      - Chi cuadrado =  88464.65717152855
      - Reduced chi cuadrado =  4914.703176196031
