ROI1  - lc_mode_1 =  0.10000000002350251 +- 0.1038275569892629
      - alpha_1 =  0.6057926509272039 +- 0.08318957951611115
      - M0_1 =  0.5576043427063546 +- 0.05989041238789967
      - D0_1 =  2.3e-12 +-
      - lc_mode_2 =  1.7 +- 0
      - lc_median_2 =  1.8092903981316926 +-
      - lc_mid_2 =  1.8665428177428216 +-
      - sigma_2 =  0.24961264414013895 +- 0.041906555606480975
      - alpha_2 =  0.0 +- 0
      - M0_2 =  0.6219212024493327 +- 0.03308255806195327
      - D0_2 =  1e-12 +-
ROI1  - lc_mode_1 =  0.10000001918863075 +- 11.986848161582442
      - alpha_1 =  0.5981660635506605 +- 0.05812377840554118
      - M0_1 =  0.5614085386275839 +- 0.04114623276172951
      - D0_1 =  2.3e-12 +-
      - lc_mode_2 =  1.7 +- 0
      - lc_median_2 =  1.792351152625588 +-
      - lc_mid_2 =  1.8403913717888398 +-
      - sigma_2 =  0.23 +- 0
      - alpha_2 =  0.0 +- 0
      - M0_2 =  0.6176454553957321 +- 0.026116400967457615
      - D0_2 =  1e-12 +-
