ROI1  - l_c_mode =  1.7368942736132542 +- 167.2933678283772
      - l_c_median =  1.7386227415354583 +-
      - l_c_mid =  1.7394876204205354 +-
      - sigma =  0.031538132125103244 +- 63.76356001004635
      - alpha =  0 +- 0
      - M0 =  1164.091250828411 +- 51.20256661008217
      - D0 =  7e-13 +-
ROI1  - l_c_mode =  1.6928040293237148 +- 0.017058443696143837
      - l_c_median =  1.6929733274631014 +-
      - l_c_mid =  1.6930579828820345 +-
      - sigma =  0.01000027383848727 +- 0.8726648317786634
      - alpha =  0 +- 0
      - M0 =  1161.926742870306 +- 51.3949501966928
      - D0 =  7e-13 +-
ROI1  - l_c_mode =  1.6928040293237148 +- 0.017058443696143837
      - l_c_median =  1.6929733274631014 +-
      - l_c_mid =  1.6930579828820345 +-
      - sigma =  0.01000027383848727 +- 0.8726648317786634
      - alpha =  0 +- 0
      - M0 =  1161.926742870306 +- 51.3949501966928
      - D0 =  7e-13 +-
ROI1  - l_c_mode =  1.6978596871292377 +- 0.009989295252790468
      - l_c_median =  1.6978613849897737 +-
      - l_c_mid =  1.6978622339206786 +-
      - sigma =  0.001 +- 0
      - alpha =  0 +- 0
      - M0 =  1156.5801661289588 +- 20.646196783991805
      - D0 =  7e-13 +-
