roi  - alpha_1 =  0.34 +- 0
       - M01 =  459.88270344205966 +- 11.24741704961333
       - D0_ext =  2.3e-12
       - tc_2 =  2.18 +- 0
       - M02 =  293.2577746875703 +- 3.24908025001237
       - D0_int =  6.5e-13
       - Chi cuadrado =  833.6209954130045
       - Reduced chi cuadrado =  43.874789232263396
roi  - alpha_1 =  0.8230819469613391 +- 0.08959956147444686
       - M01 =  964.1380982264109 +- 172.52242499233105
       - D0_ext =  2.3e-12
       - tc_2 =  6.126992865642722 +- 0.38891679339891244
       - M02 =  521.7665597700067 +- 22.808103923362378
       - D0_int =  6.5e-13
       - Chi cuadrado =  156.5268836515253
       - Reduced chi cuadrado =  9.207463744207372
roi  - alpha_1 =  0.44430913281771317 +- 0.02896836170821775
       - M01 =  570.9443597673602 +- 38.637013581963274
       - D0_ext =  2.3e-12
       - tc_2 =  2.18 +- 0
       - M02 =  311.9134901250248 +- 4.565712906257704
       - D0_int =  6.5e-13
       - Chi cuadrado =  484.8056787153322
       - Reduced chi cuadrado =  26.933648817518456
