ROI1  - tc_1 =  5.916145497645872 +- 2.7095111084746466
       - alpha_1 =  0.57 +- 0
       - M01 =  1511.8554857066124 +- 88.1034051332698
       - D0_ext =  2.3e-12
       - tc_2 =  2.0019762381420514 +- 0.09195903496002962
       - alpha_2 =  0.0 +- 0
       - M02 =  1114.629646036286 +- 93.96369904680658
       - D0_int =  7e-13
       - Chi cuadrado =  8508.315242045646
       - Reduced chi cuadrado =  223.90303268541174
