      - alpha_1 =  0.57 +- 0.07121565955469111
      - M0_1 =  0.56 +- 0.060391745887280836
      - D0_1 =  2.3e-12 +-
      - lc_mode_2 =  1.7 +- 148.7248647599105
      - lc_median_2 =  1.792351152625588 +-
      - lc_mid_2 =  1.8403913717888398 +-
      - sigma_2 =  0.23000000000000007 +- 36.71974134735958
      - alpha_2 =  0.0 +- 1.9977868675767006e-14
      - M0_2 =  0.43999999999999995 +- 0.06039174574265287
      - D0_2 =  6.5e-13 +-
      - alpha_1 =  0.5845833033402852 +- 0.028911680019240663
      - M0_1 =  0.5209833166065276 +- 0.019438902525624895
      - D0_1 =  2.3e-12 +-
      - lc_mode_2 =  1.4 +- 0
      - lc_median_2 =  1.5937221202915828 +-
      - lc_mid_2 =  1.7004148260540979 +-
      - sigma_2 =  0.36 +- 0
      - alpha_2 =  1.5162981981120538e-11 +- 0.2309835276427233
      - M0_2 =  0.47901668339347236 +- 0.019438902503153714
      - D0_2 =  6.5e-13 +-
      - alpha_1 =  0.57 +- 0
      - M0_1 =  0.5369303981425598 +- 0.017035780962551154
      - D0_1 =  2.3e-12 +-
      - lc_mode_2 =  1.8651888401034067 +- 10051006623.22845
      - lc_median_2 =  1.8794380968326643 +-
      - lc_mid_2 =  1.8866034952373911 +-
      - sigma_2 =  0.08723843640540865 +- 1314457942.228042
      - alpha_2 =  1.5764944905072298e-11 +- 0.003253721984667294
      - M0_2 =  0.46306960185744017 +- 0.017035780931151153
      - D0_2 =  6.5e-13 +-
      - alpha_1 =  0.5902394250987554 +- 0.02409159111262385
      - M0_1 =  0.5245971529265087 +- 0.01614649060864608
      - D0_1 =  2.3e-12 +-
      - lc_mode_2 =  1.4 +- 0
      - lc_median_2 =  1.5937221202915828 +-
      - lc_mid_2 =  1.7004148260540979 +-
      - sigma_2 =  0.36 +- 0
      - alpha_2 =  1.509420366474501e-11 +- 0.12049986389806501
      - M0_2 =  0.47540284707349134 +- 0.016146490612988375
      - D0_2 =  6.5e-13 +-
