ROI1  - tc_1 =  0.10000000040405253 +- 8.912488431970027
       - alpha_1 =  0.57 +- 0
       - M01 =  293.2808326787706 +- 1.5432566961559662
       - D0_ext =  2.3e-12
       - tc_2 =  2.21 +- 0
       - alpha_2 =  0.0 +- 0
       - M02 =  90.3046479355546 +- 2.5192835439346353
       - C =  18.361520112934585 +- 1.6794615031749087
       - D0_int =  6.5e-13
       - Chi cuadrado =  977.6644101092512
       - Reduced chi cuadrado =  12.37549886214242
ROI1  - tc_1 =  0.10000000040405253 +- 8.912488431970027
       - alpha_1 =  0.57 +- 0
       - M01 =  293.2808326787706 +- 1.5432566961559662
       - D0_ext =  2.3e-12
       - tc_2 =  2.21 +- 0
       - alpha_2 =  0.0 +- 0
       - M02 =  90.3046479355546 +- 2.5192835439346353
       - C =  18.361520112934585 +- 1.6794615031749087
       - D0_int =  6.5e-13
       - Chi cuadrado =  977.6644101092512
       - Reduced chi cuadrado =  12.37549886214242
