ROI1  - tc_1 =  0.10456653605551963 +- 3.5503647138746204
       - alpha_1 =  0.57 +- 0
       - tc_2 =  1.8 +- 0
       - alpha_2 =  0.0 +- 0
ROI1  - tc_1 =  5.295186898899446 +- 0.1967076833743047
       - alpha_1 =  0.37 +- 0
       - tc_2 =  1.8 +- 0
       - alpha_2 =  0.0 +- 0
