ROI1  - tc_1 =  0.10861580662185412 +- 1.2609405473719644
       - alpha_1 =  0.57 +- 0
       - tc_2 =  1.8 +- 0
       - alpha_2 =  0.0 +- 0
ROI1  - tc_1 =  3.5062125537686124 +- 0.1521096733218992
       - alpha_1 =  0.37 +- 0
       - tc_2 =  1.8 +- 0
       - alpha_2 =  0.0 +- 0
