ROI1  - tc_1 =  0.1076362167192714 +- 1201.3214530023215
       - alpha_1 =  0.57 +- 0
       - tc_2 =  1.8 +- 0
       - alpha_2 =  0.0 +- 0
ROI1  - tc_1 =  0.15469148299812024 +- 1007.2666617219221
       - alpha_1 =  0.37 +- 0
       - tc_2 =  1.8 +- 0
       - alpha_2 =  0.0 +- 0
