ROI1  - tc_1 =  1.4592037443482382 +- 1.5280685252344282
       - alpha_1 =  0.57 +- 0
       - tc_2 =  1.8 +- 0
       - alpha_2 =  0.0 +- 0
ROI1  - tc_1 =  11.935407288439869 +- 1.0818791878177245
       - alpha_1 =  0.37 +- 0
       - tc_2 =  1.8 +- 0
       - alpha_2 =  0.0 +- 0
