ROI1  - l_c_mode =  8.564358234922622 +- 0.18963997062410112
      - l_c_median =  8.92512862469749 +-
      - l_c_mid =  9.111173421493753 +-
      - sigma =  0.20312936546161228 +- 0.0734790029386251
      - M0 =  905.1248317527352 +- 2.096518447282468
      - D0 =  2.3e-12 +-
