ROI1  - tc_1 =  1.077565600080745 +- 0.3946544325386482
       - alpha_1 =  0.6441049222712626 +- 0.03315492972938184
       - M01 =  1557.3882909759984 +- 44.74639481176315
       - D0_ext =  2.3e-12
       - tc_2 =  3.254495781555608 +- 0.43174610507261835
       - alpha_2 =  0.0 +- 0
       - M02 =  813.2096142530876 +- 23.448198573971087
       - C =  224.34564591973717 +- 27.46723235451208
       - D0_int =  6.5e-13
       - Chi cuadrado =  21797.803826148796
       - Reduced chi cuadrado =  279.4590234121641
