ROI1  - l_c_mode =  3.9138196496559994 +- None
      - l_c_median =  4.573783123943068 +-
      - l_c_mid =  4.944392590385205 +-
      - sigma =  0.3947491480249952 +- None
      - M0 =  9999.999999975023 +- None
      - D0 =  2.3e-12 +-
ROI1  - l_c_mode =  6.194062068917484 +- None
      - l_c_median =  8.124257229420587 +-
      - l_c_mid =  9.30438605707428 +-
      - sigma =  0.5208293423045356 +- None
      - M0 =  49999.99999982983 +- None
      - D0 =  2.3e-12 +-
ROI1  - l_c_mode =  7.588432112242691 +- 5.731521866210701
      - l_c_median =  10.48022699896686 +-
      - l_c_mid =  12.316292873216497 +-
      - sigma =  0.5682124088962641 +- 0.1719927617088587
      - M0 =  99999.99992286357 +- 80645.20621046975
      - D0 =  2.3e-12 +-
ROI1  - l_c_mode =  15.230162236441982 +- 36.22026787805995
      - l_c_median =  25.122854624296124 +-
      - l_c_mid =  32.26645198809144 +-
      - sigma =  0.7074603560411092 +- 0.4428597040033822
      - M0 =  999959.3931582074 +- 7427544.99983198
      - D0 =  2.3e-12 +-
