roi  - alpha_1 =  0.57 +- 0
       - M01 =  0.5874538960681946 +- 0.0029385805386881168
       - D0_1 =  2.3e-12
       - tc_2 =  2.21 +- 0
       - alpha_2 =  0.0 +- 0
       - M02 =  0.34775658090126094 +- 0.009646479498904383
       - D0_2 =  7e-13
       - Chi cuadrado =  0.00023744803470986123
       - Reduced chi cuadrado =  6.088411146406698e-06
