ROI1  - l_c_mode =  0.0010000001566009427 +- 0.02549364729777682
      - l_c_median =  11.1769565447023 +-
      - l_c_mid =  1181.6403419130645 +-
      - sigma =  3.0531310698782166 +- 10.200192788847493
      - M0 =  2344.5546738219246 +- 63.34581872063861
      - D0 =  7e-13 +-
