Ajuste 1 - alpha1 = 0.45
ROI1  - tc_1 =  2.23 +- 0
     - M0_1 =  1599.8614341087102 +- 433.81151289952555
      - D0_1 =  2.3e-12
      - alpha_2 =  0 +- 0
      - tc_2 =  2.23 +- 0
      - M0_2 =  1308.9775369980355 +- 354.93669218868484
      - D0_2 =  7e-13
      - Chi cuadrado =  5096.166892481622
      - Reduced chi cuadrado =  283.1203829156457
Ajuste 2 - alpha1 = 0.5
ROI1  - tc_1 =  2.23 +- 0
     - M0_1 =  1653.5101164480748 +- 706.8616330836047
      - D0_1 =  2.3e-12
      - alpha_2 =  0 +- 0
      - tc_2 =  2.23 +- 0
      - M0_2 =  1352.8719134575156 +- 578.3413387826687
      - D0_2 =  7e-13
      - Chi cuadrado =  15298.639965482109
      - Reduced chi cuadrado =  849.9244425267839
Ajuste 3 - alpha1 = 0.55
ROI1  - tc_1 =  2.23 +- 0
     - M0_1 =  1699.2396952964773 +- 991.8498671006715
      - D0_1 =  2.3e-12
      - alpha_2 =  0 +- 0
      - tc_2 =  2.23 +- 0
      - M0_2 =  1390.2870234243903 +- 811.5135252299654
      - D0_2 =  7e-13
      - Chi cuadrado =  33483.24773586785
      - Reduced chi cuadrado =  1860.1804297704361
