ROI1  - l_c_mode =  5.213511772660193 +- 0.07082240168015046
      - l_c_median =  14.891214292249094 +-
      - l_c_mid =  25.1669154926393 +-
      - sigma =  1.0244597214490052 +- 0.05043010068601539
      - M0 =  2957.8174547545505 +- 27.71846730939773
      - D0 =  2.3e-12 +-
