ROI1  - tc_1 =  1.0523362877945794 +- 0.06645072612947721
       - alpha_1 =  0.5428892412088702 +- 0.0019409645044294772
       - M01 =  467.7370373589107 +- 0.4152404413733491
       - D0_ext =  2.3e-12
       - tc_2 =  1.7438432906027164 +- 0.009232474493436336
       - alpha_2 =  0.003905202052980894 +- 0.00038359352197057353
       - M02 =  175.73483132794442 +- 0.4180647577475037
       - D0_int =  7e-13
       - Chi cuadrado =  54.27348150385107
       - Reduced chi cuadrado =  0.6958138654339882
ROI1  - tc_1 =  4.664668929292555 +- 0.3755501242215647
       - alpha_1 =  0.3 +- 0
       - M01 =  483.4906747878059 +- 6.8000045177439805
       - D0_ext =  2.3e-12
       - tc_2 =  1.3276126736738965 +- 0.1666360140285562
       - alpha_2 =  0.007944531265254018 +- 0.005529238897386685
       - M02 =  146.13238991336596 +- 7.081076486315626
       - D0_int =  7e-13
       - Chi cuadrado =  12645.998595077219
       - Reduced chi cuadrado =  160.07593158325594
ROI1  - tc_1 =  0.10000000040376446 +- 2.0184657647844118
       - alpha_1 =  0.57 +- 0
       - M01 =  466.01545449639457 +- 0.7387975592545114
       - D0_ext =  2.3e-12
       - tc_2 =  1.7842656253841414 +- 0.016180507519006928
       - alpha_2 =  0.003949241974834039 +- 0.0007226168448593448
       - M02 =  180.24734968961454 +- 0.5503992354079458
       - D0_int =  7e-13
       - Chi cuadrado =  192.4799658244627
       - Reduced chi cuadrado =  2.4364552636007937
