ROI1  - lc_mode_1 =  2.8355877959291833 +- 4.98428716956752
      - alpha_1 =  0.4746330668700258 +- 0.2796198201778604
      - M0_1 =  0.5711339742291568 +- 0.18251979488921388
      - D0_1 =  2.3e-12 +-
      - lc_mode_2 =  0.9430781507416256 +- 2001.2696276537235
      - lc_median_2 =  0.9706120956807297 +-
      - lc_mid_2 =  0.9846790707076374 +-
      - sigma_2 =  0.16964004587926285 +- 8712.738002318358
      - alpha_2 =  0.0007204092576264531 +- 0.0013434630463253765
      - M0_2 =  0.4288660257708432 +- 0.1825197951162483
      - D0_2 =  6.5e-13 +-
