ROI1  - l_c_mode =  2.14 +- 0
      - l_c_median =  2.3415329671291505 +-
      - l_c_mid =  2.4493087185118134 +-
      - sigma =  0.3 +- 0
      - M0 =  1386.6121872717904 +- 3.5337385882514445
      - D0 =  1e-12 +- 0
      - Chi cuadrado =  127.87687974908137
      - Reduced chi cuadrado =  6.393843987454068
ROI1  - l_c_mode =  1.9966311111574355 +- 0.063215644964458
      - l_c_median =  2.052965149048366 +-
      - l_c_mid =  2.0817254341189173 +-
      - sigma =  0.16680481528975238 +- 0.06729655304851696
      - M0 =  1098.5630045445378 +- 138.7017345124777
      - D0 =  1e-12 +- 0
      - Chi cuadrado =  77.30609590491066
      - Reduced chi cuadrado =  4.29478310582837
