ROI1  - l_c_mode =  4.9999999988780734 +- 2.0983803972928787
      - l_c_median =  5.957939000323385 +-
      - l_c_mid =  6.50367868163226 +-
      - sigma =  0.41867254955183014 +- 0.1626080183189213
      - M0 =  15540.700367256155 +- 32490.760512374036
      - D0 =  2.3e-12 +-
ROI1  - l_c_mode =  2.5137174731358543 +- None
      - l_c_median =  2.529586403090309 +-
      - l_c_mid =  2.5375583959434267 +-
      - sigma =  0.0793289978076697 +- None
      - M0 =  999.9999999987607 +- None
      - D0 =  2.3e-12 +-
