ROI1  - tc_1 =  0.10000000017680952 +- 0.7454156261739798
       - alpha_1 =  0.57 +- 0
       - M01 =  464.94708565698596 +- 0.7722893645815275
       - D0_ext =  2.3e-12
       - tc_2 =  2.21 +- 0
       - alpha_2 =  0.0 +- 0
       - M02 =  158.7842163685793 +- 1.173982487576433
       - C =  22.458423399595205 +- 0.7472669511342466
       - D0_int =  6.5e-13
       - Chi cuadrado =  220.68874878739757
       - Reduced chi cuadrado =  2.7586093598424695
