ROI1  - tc_1 =  0.1000000003135592 +- 0.4823449836408758
       - alpha_1 =  0.56 +- 0
       - M01 =  2437.525897771895 +- 6.4998769676796275
       - D0_ext =  2.3e-12
       - tc_2 =  1.6572564048123133 +- 0.009927939734866728
       - alpha_2 =  0.0 +- 0
       - M02 =  1167.2413521752778 +- 5.552595387501234
       - D0_int =  7e-13
       - Chi cuadrado =  9797.660000193497
       - Reduced chi cuadrado =  122.47075000241871
