ROI1  - tc_1 =  0.10053163258361468 +- 0.6225718645465272
       - alpha_1 =  0.5215424202684262 +- 0.009464574701188631
       - M01 =  296.43059140734783 +- 1.2369343946540832
       - D0_ext =  2.3e-12
       - tc_2 =  1.6771050533747893 +- 0.028233674621116825
       - alpha_2 =  0.0 +- 0
       - M02 =  100.37512269771842 +- 1.2355384604002417
       - D0_int =  7e-13
       - Chi cuadrado =  530.8199605257059
       - Reduced chi cuadrado =  6.8053841093039225
