Ajuste 1 - alpha1 = 0.45
ROI1  - tc_1 =  2.23 +- 0
     - M0_1 =  1337.4041258958168 +- 91.94607824368948
      - D0_1 =  2.3e-12
      - alpha_2 =  0 +- 0
      - tc_2 =  2.23 +- 0
      - M0_2 =  1094.2397393693045 +- 75.22860929590703
      - D0_2 =  7e-13
      - Chi cuadrado =  606.6926419048299
      - Reduced chi cuadrado =  35.68780246498999
Ajuste 2 - alpha1 = 0.5
ROI1  - tc_1 =  2.23 +- 0
     - M0_1 =  1526.8950573181532 +- 78.21308255733791
      - D0_1 =  2.3e-12
      - alpha_2 =  0 +- 0
      - tc_2 =  2.23 +- 0
      - M0_2 =  1249.277774169398 +- 63.99252207727681
      - D0_2 =  7e-13
      - Chi cuadrado =  489.37156177725393
      - Reduced chi cuadrado =  28.786562457485527
Ajuste 3 - alpha1 = 0.55
ROI1  - tc_1 =  2.23 +- 0
     - M0_1 =  1728.1470576186573 +- 76.3225713132917
      - D0_1 =  2.3e-12
      - alpha_2 =  0 +- 0
      - tc_2 =  2.23 +- 0
      - M0_2 =  1413.9385016879921 +- 62.44574020296668
      - D0_2 =  7e-13
      - Chi cuadrado =  510.5525763397505
      - Reduced chi cuadrado =  30.032504490573558
