ROI1  - tc_1 =  0.8101000631950503 +- 0.08135711674292169
       - alpha_1 =  0.53 +- 0
       - M01 =  0.6033753492243353 +- 0.004071062603317806
       - D0_ext =  2.3e-12
       - tc_2 =  2.1571230090765168 +- 0.04499936110008549
       - alpha_2 =  0.0 +- 0
       - M02 =  0.42893995761260606 +- 0.007625899267403153
       - D0_int =  7e-13
       - Chi cuadrado =  0.0002651004113380024
       - Reduced chi cuadrado =  7.164875982108173e-06
ROI1  - tc_1 =  0.10000000070019077 +- 0.5959153730936624
       - alpha_1 =  0.56 +- 0
       - M01 =  0.6027251361233755 +- 0.016676988495014745
       - D0_ext =  2.3e-12
       - tc_2 =  1.5 +- 0
       - alpha_2 =  0.0 +- 0
       - M02 =  0.39727487285792895 +- 0.016676988519965335
       - D0_int =  7e-13
       - Chi cuadrado =  0.006887375019896686
       - Reduced chi cuadrado =  0.0001765993594845304
