ROI1  - tc_1 =  6 +- 0
       - alpha_1 =  0.2 +- 0
       - M01 =  0 +- 0
       - D0_ext =  2.3e-12
       - tc_2 =  2.047 +- 0
       - alpha_2 =  2.6244784123719e-11 +- 0.00030279109420372545
       - M02 =  1162 +- 0
       - D0_int =  7e-13
ROI1  - tc_1 =  5.732 +- 0
       - alpha_1 =  0.3 +- 0
       - M01 =  11.32277864779596 +- 2547048.1289759567
       - D0_ext =  2.3e-12
       - tc_2 =  2.175 +- 0
       - alpha_2 =  0.0 +- 0
       - M02 =  1305.9495859595627 +- 6.706245335001615
       - D0_int =  7e-13
