ROI1  - lc_mode_1 =  2.3271679888374672 +- 0.48283354568965836
      - alpha_1 =  0.48721295779786744 +- 0.03499092542183109
      - M0_1 =  0.55 +- 0
      - D0_1 =  2.3e-12 +-
      - lc_mode_2 =  1.7 +- 0
      - lc_median_2 =  1.792351152625588 +-
      - lc_mid_2 =  1.8403913717888398 +-
      - sigma_2 =  0.23 +- 0
      - alpha_2 =  0.0 +- 0
      - M0_2 =  0.45 +- 0
      - D0_2 =  7e-13 +-
ROI1  - lc_mode_1 =  5.314981014399524 +- 0.3751984863715239
      - alpha_1 =  0.3 +- 0
      - M0_1 =  0.7011098406055001 +- 0.01819585701498729
      - D0_1 =  2.3e-12 +-
      - lc_mode_2 =  1.7 +- 0
      - lc_median_2 =  1.792351152625588 +-
      - lc_mid_2 =  1.8403913717888398 +-
      - sigma_2 =  0.23 +- 0
      - alpha_2 =  0.0 +- 0
      - M0_2 =  0.2988901698418507 +- 0.018195857037318484
      - D0_2 =  7e-13 +-
