ROI1  - tc_1 =  0.4976131795837474 +- 0.09460404255891891
       - alpha_1 =  0.551673840541587 +- 0.002241098617513459
       - M01 =  1028.046980309289 +- 1.0757400730511386
       - D0_ext =  2.3e-12
       - tc_2 =  2.21 +- 0
       - alpha_2 =  0.0 +- 0
       - M02 =  283.62114654533144 +- 1.7575975339593326
       - C =  55.731881391449036 +- 0.866809911341123
       - D0_int =  6.5e-13
       - Chi cuadrado =  365.171062320242
       - Reduced chi cuadrado =  4.681680286156949
