ROI1  - tc_1 =  0.10008691768679095 +- 0.6246212983299873
       - alpha_1 =  0.57 +- 0
       - tc_2 =  1.8 +- 0
       - alpha_2 =  0.0 +- 0
