ROI1  - tc_1 =  1.1767135267131934 +- 1.042007523885082
       - alpha_1 =  0.57 +- 0
       - tc_2 =  1.8 +- 0
       - alpha_2 =  0.0 +- 0
