ROI1  - tc_1 =  0.46200970983712863 +- 0.46833588390770525
       - alpha_1 =  0.57 +- 0
       - tc_2 =  1.8 +- 0
       - alpha_2 =  0.0 +- 0
