ROI1  - tc_1 =  0.10000582019743834 +- 1.4930902073789452
       - alpha_1 =  0.57 +- 0
       - tc_2 =  1.8 +- 0
       - alpha_2 =  0.0 +- 0
