ROI1  - l_c_mode =  1.7306690192058687 +- 0.0232026542746097
      - l_c_median =  1.9903062464584613 +-
      - l_c_mid =  2.1343854383511003 +-
      - sigma =  0.3738722636551812 +- 0.06481933218455944
      - M0 =  174.58262596610984 +- 15.822731857149261
      - D0 =  7e-13 +-
