ROI1  - tc_1 =  0.10000001884473889 +- 8.79062240690222
       - alpha_1 =  0.5809605837154902 +- 0.030935765153052772
       - M01 =  1141.0274360003525 +- 37.63171544368705
       - D0_ext =  2.3e-12
       - tc_2 =  2.097841275393951 +- 0.9918195528445197
       - alpha_2 =  0.0 +- 0
       - M02 =  563.0947068782988 +- 158.88846864358032
       - C =  40.75017364066918 +- 195.57635713802748
       - D0_int =  6.5e-13
       - Chi cuadrado =  20157.138172172767
       - Reduced chi cuadrado =  261.78101522302296
