ROI1  - tc_1 =  0.1143231086119926 +- 29.904029588676753
       - alpha_1 =  0.34 +- 0
       - tc_2 =  1.8 +- 0
       - alpha_2 =  0.0 +- 0
