ROI1  - tc_1 =  3.5871229333298675 +- 0.16222655006250833
       - alpha_1 =  0.34 +- 0
       - tc_2 =  1.8 +- 0
       - alpha_2 =  0.0 +- 0
