ROI1  - tc_1 =  5.327044055326211 +- 0.2232065409695061
       - alpha_1 =  0.34 +- 0
       - tc_2 =  1.8 +- 0
       - alpha_2 =  0.0 +- 0
