ROI1  - tc_1 =  10.794164207866903 +- 1.0739374069745917
       - alpha_1 =  0.34 +- 0
       - tc_2 =  1.8 +- 0
       - alpha_2 =  0.0 +- 0
