ROI1  - l_c_mode =  53.02928601364992 +- 613665433.905297
      - l_c_median =  53.034958666687714 +-
      - l_c_mid =  53.037795220758355 +-
      - sigma =  0.01034245421170475 +- 15023881.178269828
      - M0 =  1017.5068696642029 +- 3.389598343536495
      - D0 =  7e-13 +-
