ROI1  - tc_1 =  0.10000000093300189 +- 31.76999049128945
       - alpha_1 =  0.57 +- 0
       - M01 =  282.6812270855561 +- 3.960914895409399
       - D0_ext =  2.3e-12
       - tc_2 =  5.278159511096948 +- 0.8391746543988323
       - alpha_2 =  0.0 +- 0
       - M02 =  63.18277241491699 +- 2.2160373355942142
       - C =  54.68524770052264 +- 1.9367348093086576
       - D0_int =  6.5e-13
       - Chi cuadrado =  890.6886706980528
       - Reduced chi cuadrado =  11.419085521769906
