ROI1  - l_c_mode =  1.9125 +- None
      - l_c_median =  1.9754797627838412 +-
      - l_c_mid =  2.007743162884279 +-
      - sigma =  0.18 +- None
      - M0 =  250.0 +- None
      - D0 =  7e-13 +-
ROI1  - l_c_mode =  1.87 +- None
      - l_c_median =  2.0650685683348566 +-
      - l_c_mid =  2.1701058189716766 +-
      - sigma =  0.31499999999999995 +- None
      - M0 =  280.0 +- None
      - D0 =  7e-13 +-
