ROI1  - l_c_mode =  5.113848953162236 +- 2.9227123168597693
      - l_c_median =  7.589166027185363 +-
      - l_c_mid =  9.24521750239292 +-
      - sigma =  0.6283067459803972 +- 0.44087556077816176
      - M0 =  1118.6631898743196 +- 23.198733924515512
      - D0 =  2.3e-12 +-
