roi  - alpha_1 =  0.57 +- 0
       - M01 =  0.5839506427895906 +- 0.0024229558285773427
       - D0_1 =  2.3e-12
       - tc_2 =  2.21 +- 0
       - alpha_2 =  0.0 +- 0
       - M02 =  0.4315183018086528 +- 0.005856866528921904
       - D0_2 =  7e-13
       - Chi cuadrado =  0.00028249002927104646
       - Reduced chi cuadrado =  7.243334083872986e-06
