ROI1  - tc_1 =  0.10000000011345947 +- 1.0452689114136064
       - alpha_1 =  0.57 +- 0
       - M01 =  727.6112397174489 +- 3.450825229981875
       - D0_ext =  2.3e-12
       - tc_2 =  2.21 +- 0
       - alpha_2 =  0.0 +- 0
       - M02 =  294.9701832177265 +- 4.586450629592581
       - C =  34.15466948919389 +- 2.77512938538027
       - D0_int =  6.5e-13
       - Chi cuadrado =  3866.2572731053933
       - Reduced chi cuadrado =  50.87180622507096
