ROI1  - tc_1 =  3.4605845475351695 +- 1726.2427903326
       - alpha_1 =  0.3565053081890082 +- 93.0991053574375
       - M01 =  3885.9518509838463 +- 42689.04778322825
       - D0_ext =  2.3e-12
       - tc_2 =  2.21 +- 0
       - alpha_2 =  0.0 +- 0
       - M02 =  0.003232103344408266 +- 5375.33118310196
       - D0_int =  7e-13
