roi  - alpha_1 =  0.4447116345690464 +- 0.028975181933388536
       - M01 =  571.1757542804752 +- 38.675887467709316
       - D0_ext =  2.3e-12
       - tc_2 =  2.193 +- 0
       - M02 =  312.4002228860495 +- 4.563027269072037
       - D0_int =  6.5e-13
       - Chi cuadrado =  483.9253666894374
       - Reduced chi cuadrado =  26.884742593857634
