ROI1  - tc_1 =  1.1814984362282395 +- 0.08683802043306701
       - alpha_1 =  0.534959958984008 +- 0.002145591980366646
       - M01 =  408.9921839737398 +- 0.3910586924422075
       - D0_ext =  2.3e-12
       - tc_2 =  1.8108024897427057 +- 0.008250288533934868
       - alpha_2 =  0.0 +- 0
       - M02 =  103.76236712136 +- 0.3938162709907836
       - D0_int =  7e-13
       - Chi cuadrado =  50.13007630198639
       - Reduced chi cuadrado =  0.6426932859229024
