ROI1  - l_c_mode =  1.6784735729802134 +- 0.02123816283646579
      - l_c_median =  1.7260279060286101 +-
      - l_c_mid =  1.7503079509134087 +-
      - sigma =  0.16714654551646366 +- 0.0375682650938529
      - M0 =  1759.8716660571863 +- 56.165271046302465
      - D0 =  7e-13 +-
