ROI1  - tc_1 =  0.1000000002217418 +- 1.7453887818224123
       - alpha_1 =  0.6918342680756303 +- 0.02521370493919257
       - M01 =  2257.0201744998676 +- 43.4408854591305
       - D0_ext =  2.3e-12
       - tc_2 =  2.630292842331353 +- 0.1935323976512534
       - alpha_2 =  0.0 +- 0
       - M02 =  1279.7643182705876 +- 26.804623278906934
       - C =  209.80136180014924 +- 26.96806063855347
       - D0_int =  6.5e-13
       - Chi cuadrado =  30944.010391555454
       - Reduced chi cuadrado =  401.8702648253955
