ROI1  - tc_1 =  6.034047912353476 +- 0.19833683942196825
       - alpha_1 =  0.3 +- 0
       - M01 =  1062.3154666628232 +- 11.37493826865702
       - D0_ext =  2.3e-12
       - tc_2 =  2.1247769993590273 +- 0.08554743435935762
       - alpha_2 =  0 +- 0
       - M02 =  563.8080163375953 +- 33.11330498746324
       - D0_int =  7e-13
ROI1  - tc_1 =  5.028 +- 0
       - alpha_1 =  0.3 +- 0
       - M01 =  1031.51283802986 +- 13.546533349686328
       - D0_ext =  2.3e-12
       - tc_2 =  2.076 +- 0
       - alpha_2 =  0 +- 0
       - M02 =  542.7934950810626 +- 37.70117490222044
       - D0_int =  7e-13
ROI1  - tc_1 =  8.19969529548439 +- 2.457230754227996
       - alpha_1 =  0.3 +- 0
       - M01 =  2222.92 +- 0
       - D0_ext =  2.3e-12
       - tc_2 =  0.7430946052460674 +- 0.46932473437784406
       - alpha_2 =  0 +- 0
       - M02 =  1333.97 +- 0
       - D0_int =  7e-13
