ROI1  - l_c_mode =  3.75245850775486 +- 0.07278841430626473
      - l_c_median =  6.391715129687136 +-
      - l_c_mid =  8.341961224562342 +-
      - sigma =  0.7297886088032386 +- 0.01833456422269937
      - M0 =  4561.4838122242945 +- 6.461812681527335
      - D0 =  2.3e-12 +-
