roi  - lc moda =  1.509224354480584  +/-  71.68071451734288
       - sigma =  0.05938918845026212  +/-  83.96546431010118
       - D0 =  6e-13  +/-  0
       - lc mediana =  1.5145569016549376
       - lc media =  1.5172302366514805
       - Chi cuadrado =  874.7545020674008
       - Reduced chi cuadrado =  4.4859205234225685
    - M0_1 = 1528.9008621690937 +- 11.383987095882409
    - M0_2 = 1403.9480088880523 +- 12.741185154562709
    - M0_3 = 1015.3539253351163 +- 10.09836526508305
    - M0_4 = 646.3087180172117 +- 7.348298103144339
    - M0_5 = 403.7263838673288 +- 4.99774415305136
    - M0_6 = 349.3619327483455 +- 4.677585779426108
    - M0_7 = 190.94270376605883 +- 2.8543992454272886
    - M0_8 = 193.14397408545793 +- 2.966403958859285
    - M0_9 = 115.08186309827195 +- 1.9770618579134809
    - M0_10 = 120.70464476750419 +- 2.066300178962811
