ROI1  - l_c_mode =  5.750749892981125 +- 0.3989804599672114
      - l_c_median =  7.841883656812798 +-
      - l_c_mid =  9.157319185754524 +-
      - sigma =  0.5569100514230927 +- 0.09952891794747111
      - M0 =  1404.396109549656 +- 13.362791496221844
      - D0 =  2.3e-12 +-
