ROI1  - l_c_mode =  3.335983970974451 +- 0.1813243621249877
      - l_c_median =  3.667252883226523 +-
      - l_c_mid =  3.8450262619167788 +-
      - sigma =  0.3076933034267567 +- 0.025301053449189956
      - M0 =  12291.736086133766 +- 2405.66422506061
      - D0 =  2.3e-12 +-
