ROI1  - l_c_mode =  6.160870324666251 +- 0.08320168607441566
      - l_c_median =  27.171546973857065 +-
      - l_c_mid =  57.06246305818253 +-
      - sigma =  1.2181758102248754 +- 0.09254581041338347
      - M0 =  926.72176118485 +- 10.374737670159961
      - D0 =  2.3e-12 +-
