roi  - alpha_1 =  0.5074189774512919 +- 0.002096640045641919
       - M01 =  420.4002590251851 +- 1.9716362688618405
       - D0_ext =  2.3e-12
       - tc_2 =  2.279 +- 0
       - M02 =  177.5698471294873 +- 0.18432669335692142
       - D0_int =  6.5e-13
       - Chi cuadrado =  1.0027964656746902
       - Reduced chi cuadrado =  0.05571091475970501
