roi  - alpha_1 =  0.5022779070269567 +- 0.0018757309596127427
       - M01 =  904.8390396336281 +- 3.94582460899267
       - D0_ext =  2.3e-12
       - tc_2 =  2.03 +- 0
       - M02 =  334.1804293455095 +- 0.35557448538046793
       - D0_int =  6.5e-13
       - Chi cuadrado =  3.578126325869428
       - Reduced chi cuadrado =  0.1987847958816349
