ROI1  - tc_1 =  2.2214063077790263 +- 0.226670236899747
       - alpha_1 =  0.57 +- 0
       - tc_2 =  1.8 +- 0
       - alpha_2 =  0.0 +- 0
