ROI1  - tc_1 =  9.166170678557833 +- 1.4915329034863423
       - alpha_1 =  0.57 +- 0
       - tc_2 =  1.8 +- 0
       - alpha_2 =  0.0 +- 0
