ROI1  - tc_1 =  22.400533538968833 +- 5275556661.544036
       - alpha_1 =  0.57 +- 0
       - tc_2 =  1.8 +- 0
       - alpha_2 =  0.0 +- 0
