ROI1  - tc_1 =  0.742889864545903 +- 0.27563724211843005
       - alpha_1 =  0.57 +- 0
       - tc_2 =  1.8 +- 0
       - alpha_2 =  0.0 +- 0
