ROI1  - tc_1 =  0.10000000019386444 +- 1.6973867620288055
       - alpha_1 =  0.57 +- 0
       - M01 =  1140.1508077447154 +- 7.81188298038895
       - D0_ext =  2.3e-12
       - tc_2 =  2.21 +- 0
       - alpha_2 =  0.0 +- 0
       - M02 =  535.3062298352606 +- 10.487863258094924
       - C =  64.56661125177988 +- 5.7427756528298755
       - D0_int =  6.5e-13
       - Chi cuadrado =  20501.850160521673
       - Reduced chi cuadrado =  259.51709063951483
ROI1  - tc_1 =  0.10000000019386444 +- 1.6973867620288055
       - alpha_1 =  0.57 +- 0
       - M01 =  1140.1508077447154 +- 7.81188298038895
       - D0_ext =  2.3e-12
       - tc_2 =  2.21 +- 0
       - alpha_2 =  0.0 +- 0
       - M02 =  535.3062298352606 +- 10.487863258094924
       - C =  64.56661125177988 +- 5.7427756528298755
       - D0_int =  6.5e-13
       - Chi cuadrado =  20501.850160521673
       - Reduced chi cuadrado =  259.51709063951483
