roi  - lc moda =  1.657814398438827  +/-  0.010170085116778171
       - sigma =  0.13216357614548263  +/-  0.011886490112787309
       - D0 =  7e-13  +/-  0
       - lc mediana =  1.6870261735056995
       - lc media =  1.7018245218596326
       - Chi cuadrado =  992.1100678160141
       - Reduced chi cuadrado =  5.087743937518021
    - M0_1 = 1726.114643022087 +- 14.515327758635435
    - M0_2 = 1552.114144017689 +- 16.170250441396554
    - M0_3 = 1119.4452790112675 +- 12.848373487346725
    - M0_4 = 705.5559967404885 +- 9.234334917754856
    - M0_5 = 438.67863438326657 +- 6.218362104702265
    - M0_6 = 377.48709987116325 +- 5.7389647849785215
    - M0_7 = 205.10542811569442 +- 3.4204880366930186
    - M0_8 = 206.08652362916314 +- 3.481191905240164
    - M0_9 = 122.5135999979976 +- 2.291541878524681
    - M0_10 = 128.16017845703797 +- 2.375269142156222
