ROI1  - tc_1 =  0.9177322417935059 +- 2.428988059819101
       - tc_2 =  2.2331867400078034 +- 0.10167624416301493
       - alpha_2 =  0.0 +- 0
