ROI1  - tc_1 =  1.3610786303135776 +- 7.885972451022308
       - tc_2 =  3.72062905727383 +- 0.6604714660967439
       - alpha_2 =  0.0 +- 0
