ROI1  - tc_1 =  100000 +- 0
       - tc_2 =  1.864477622184064 +- 0.04484562337005259
       - alpha_2 =  0.0 +- 0
