ROI1  - tc_1 =  1.9297239435794011 +- 60.8705886719413
       - tc_2 =  49.99997905030599 +- 6404.304834241354
       - alpha_2 =  0.0 +- 0
