roi  - alpha_1 =  0.3092240556711352 +- 0.027767382517744233
       - M01 =  913.3487784032329 +- 87.9884531507518
       - D0_ext =  2.3e-12
       - tc_2 =  1.6610314784074194 +- 0.020602530617235135
       - alpha_2 =  0.0 +- 0
       - M02 =  1168.4180090816649 +- 20.899708715790478
       - D0_int =  6.5e-13
       - Chi cuadrado =  5333.786125202452
       - Reduced chi cuadrado =  144.15638176222845
