roi  - alpha_1 =  0.57 +- 0
       - M01 =  2588.151350334834 +- 32.443637871256094
       - D0_ext =  2.3e-12
       - tc_2 =  1.93 +- 0
       - M02 =  1200.6614544727868 +- 4.192331005117655
       - D0_int =  6.5e-13
       - Chi cuadrado =  1658.859606656444
       - Reduced chi cuadrado =  87.30840035033916
roi  - alpha_1 =  0.5119957502199869 +- 0.00664243294839566
       - M01 =  2109.4479330491695 +- 22.177592998516733
       - D0_ext =  2.3e-12
       - tc_2 =  2.1978164085595018 +- 0.049656388948910904
       - M02 =  1257.311363335466 +- 16.019759694272807
       - D0_int =  6.5e-13
       - Chi cuadrado =  18.47108570554866
       - Reduced chi cuadrado =  1.0865344532675683
roi  - alpha_1 =  0.48190681132414664 +- 0.0032400445640677973
       - M01 =  2030.2192338885216 +- 18.22911350549825
       - D0_ext =  2.3e-12
       - tc_2 =  1.93 +- 0
       - M02 =  1173.8958443026456 +- 1.376337352600921
       - D0_int =  6.5e-13
       - Chi cuadrado =  44.574256275770296
       - Reduced chi cuadrado =  2.4763475708761273
