ROI1  - l_c_mode =  1.6 +- 516.9401983532935
      - l_c_median =  1.6160802673346688 +-
      - l_c_mid =  1.6241809033851502 +-
      - sigma =  0.10000000000000002 +- 248.3833486213224
      - alpha =  2.061356284431983e-11 +- 2.061356284431983e-11
      - M0 =  100.0 +- 25400.638382683563
      - D0 =  7e-13 +-
