roi  - alpha_1 =  0.5282195503139332 +- 0.03211190126633503
       - M01 =  2260.433261046296 +- 29.443418605846695
       - D0_ext =  2.3e-12
       - tc_2 =  2.21 +- 0
       - M02 =  1329.38768215693 +- 67.18519231314353
       - D0_int =  1e-12
       - Chi cuadrado =  2795.5217414167364
       - Reduced chi cuadrado =  155.3067634120409
