      - alpha_1 =  0.544 +- None
      - M0_1 =  0.62337170560485 +- None
      - D0_1 =  2.3e-12 +-
      - lc_mode_2 =  0.6840236508653648 +- None
      - lc_median_2 =  0.6848965967861015 +-
      - lc_mid_2 =  0.685333487425325 +-
      - sigma_2 =  0.03571244821259628 +- None
      - alpha_2 =  0.0168 +- None
      - M0_2 =  0.18418986457740982 +- None
      - D0_2 =  7e-13 +-
      - alpha_1 =  0.544 +- 0
      - M0_1 =  0.5843585353589316 +- 0.005015240425426747
      - D0_1 =  2.3e-12 +-
      - lc_mode_2 =  0.9701636575158097 +- 3853.005234522906
      - lc_median_2 =  0.9958608687869438 +-
      - lc_mid_2 =  1.008963604261009 +-
      - sigma_2 =  0.1616872954182545 +- 6541.894825100554
      - alpha_2 =  0.0005724593153770829 +- 0.03411819318401655
      - M0_2 =  0.4615287694187264 +- 2.2045411633697545
      - D0_2 =  7e-13 +-
