ROI1  - l_c_mode =  3.966577683983708 +- 0.03276670513039966
      - l_c_median =  8.538867184677818 +-
      - l_c_mid =  12.528307537533918 +-
      - sigma =  0.8756281586661845 +- 0.029363046795007227
      - M0 =  10961.313162505408 +- 273.9356108788715
      - D0 =  2.3e-12 +-
