ROI1  - l_c_mode =  2.14 +- 0
      - l_c_median =  2.3415329671291505 +-
      - l_c_mid =  2.4493087185118134 +-
      - sigma =  0.3 +- 0
      - M0 =  230.27516446670597 +- 0.4515131135922749
      - D0 =  1e-12 +- 0
      - Chi cuadrado =  4.53641823750364
      - Reduced chi cuadrado =  0.226820911875182
ROI1  - l_c_mode =  2.502645205352775 +- 0.9167020157657207
      - l_c_median =  3.447866399042787 +-
      - l_c_mid =  4.046932876188557 +-
      - sigma =  0.5660453604018568 +- 0.30997986399364175
      - M0 =  393.89488846936183 +- 414.84335395580985
      - D0 =  1e-12 +- 0
      - Chi cuadrado =  2.2133971279256963
      - Reduced chi cuadrado =  0.12296650710698313
