roi  - lc moda =  1.7495822230918665  +/-  0.007482910521660033
       - sigma =  0.15099640804254041  +/-  0.011673686257391099
       - D0 =  8e-13  +/-  0
       - lc mediana =  1.7899307733791112
       - lc media =  1.8104526604112634
       - Chi cuadrado =  1095.8320359540733
       - Reduced chi cuadrado =  5.6196514664311445
    - M0_1 = 1951.1178438425864 +- 20.417881069170612
    - M0_2 = 1723.1417785920232 +- 22.135243414275628
    - M0_3 = 1240.5177786422732 +- 17.36779312702779
    - M0_4 = 775.7284961322136 +- 12.179919408912655
    - M0_5 = 480.56264809126117 +- 8.068277961670963
    - M0_6 = 411.6817862963823 +- 7.328730606853429
    - M0_7 = 222.53196376977536 +- 4.271443189606656
    - M0_8 = 222.197489227276 +- 4.295784988766912
    - M0_9 = 131.82505389016498 +- 2.7775482687412882
    - M0_10 = 137.55456045835334 +- 2.869539931473081
