roi  - lc moda =  1.9114774688520166  +/-  0.01020148754672279
       - sigma =  0.1643454289621668  +/-  0.013357290480968967
       - D0 =  1e-12  +/-  0
       - lc mediana =  1.9638089062399446
       - lc media =  1.9905094618684909
       - Chi cuadrado =  1251.1931157285144
       - Reduced chi cuadrado =  6.4163749524539195
    - M0_1 = 2452.0488131420475 +- 41.893637344955714
    - M0_2 = 2090.869542814111 +- 41.83666131426878
    - M0_3 = 1499.7525498832592 +- 31.84334653516343
    - M0_4 = 923.2574041270025 +- 21.249792073378647
    - M0_5 = 567.8126651689624 +- 13.662301352417296
    - M0_6 = 481.92238287502465 +- 12.077058644838006
    - M0_7 = 257.66135073939324 +- 6.781285206129736
    - M0_8 = 253.92153239052195 +- 6.712954566138428
    - M0_9 = 149.99707301771136 +- 4.188705441972816
    - M0_10 = 155.68978608432926 +- 4.316678345876675
