ROI1  - tc_1 =  19.999999999940158 +- 0.10800883896893435
       - alpha_1 =  0.0 +- 0
       - M01 =  2111.7745114313784 +- 68.0369222931571
       - D0_ext =  2.3e-12
       - tc_2 =  0.06446249146341454 +- 11751.759058712414
       - alpha_2 =  0.0 +- 0
       - M02 =  878.5939525725616 +- 36192.88952738899
       - D0_int =  7e-13
ROI1  - tc_1 =  19.99999999789975 +- 5.820354326508166
       - alpha_1 =  0.0 +- 0
       - M01 =  2111.774470843707 +- 69.26829576623742
       - D0_ext =  2.3e-12
       - tc_2 =  0.08254118241902086 +- 3610.5064290506493
       - alpha_2 =  0.0 +- 0
       - M02 =  878.6566946487129 +- 14135.70169740508
       - D0_int =  7e-13
ROI1  - tc_1 =  12.23 +- 0
       - alpha_1 =  0.0 +- 0
       - M01 =  2331.308469427118 +- 48.050314609862696
       - D0_ext =  2.3e-12
       - tc_2 =  2.1 +- 0
       - alpha_2 =  0.0 +- 0
       - M02 =  750.6597784379265 +- 18.56031403507574
       - D0_int =  7e-13
