ROI1  - tc_1 =  5.028131536290491 +- 0.21284095279282766
       - alpha_1 =  0.3 +- 0
       - M01 =  2222.927264324501 +- 26.946122419946224
       - D0_ext =  2.3e-12
       - tc_2 =  2.0756502540739463 +- 0.08251832749523173
       - alpha_2 =  0 +- 0
       - M02 =  1333.9762839198384 +- 65.02434213020634
       - D0_int =  7e-13
