ROI1  - tc_1 =  0.10000003066510894 +- 18.385632456643897
       - alpha_1 =  0.6 +- 0
       - M01 =  0.517880417172404 +- 0.03340531222933344
       - D0_ext =  2.3e-12
       - tc_2 =  2.2994381362630056 +- 0.47827383671434504
       - alpha_2 =  0.0 +- 0
       - M02 =  0.28034974805972185 +- 0.08631978851273828
       - D0_int =  7e-13
       - Chi cuadrado =  0.006089919268940746
       - Reduced chi cuadrado =  0.00018454300814971957
