ROI1  - lc_mode_1 =  2.7495165647946607 +- 0.405676726661276
      - alpha_1 =  0.5079210829309599 +- 0.034085615490111965
      - M0_1 =  0.55 +- 0
      - D0_1 =  2.3e-12 +-
      - lc_mode_2 =  1.7 +- 0
      - lc_median_2 =  1.792351152625588 +-
      - lc_mid_2 =  1.8403913717888398 +-
      - sigma_2 =  0.23 +- 0
      - alpha_2 =  0.0 +- 0
      - M0_2 =  0.45 +- 0
      - D0_2 =  7e-13 +-
ROI1  - lc_mode_1 =  3.0796259877389516 +- 0.396219944787486
      - alpha_1 =  0.5 +- 0
      - M0_1 =  0.5713880060118031 +- 0.017311860319038357
      - D0_1 =  2.3e-12 +-
      - lc_mode_2 =  1.7 +- 0
      - lc_median_2 =  1.792351152625588 +-
      - lc_mid_2 =  1.8403913717888398 +-
      - sigma_2 =  0.23 +- 0
      - alpha_2 =  0.0 +- 0
      - M0_2 =  0.4286120025025417 +- 0.017311860325053222
      - D0_2 =  7e-13 +-
ROI1  - lc_mode_1 =  5.436608878933393 +- 0.4164642562170473
      - alpha_1 =  0.3 +- 0
      - M0_1 =  0.6735108370235176 +- 0.01675017088671603
      - D0_1 =  2.3e-12 +-
      - lc_mode_2 =  1.7 +- 0
      - lc_median_2 =  1.792351152625588 +-
      - lc_mid_2 =  1.8403913717888398 +-
      - sigma_2 =  0.23 +- 0
      - alpha_2 =  0.0 +- 0
      - M0_2 =  0.3264891730125761 +- 0.016750170918461805
      - D0_2 =  7e-13 +-
