ROI1  - l_c_mode =  1.7288149742092078 +- 39.75987267832991
      - l_c_median =  4.566091032397672 +-
      - l_c_mid =  7.420660975625919 +-
      - sigma =  0.9855056048180093 +- 23.103157975813406
      - alpha =  2.1676842707490933 +- 2.1676842707490933
      - M0 =  2041.5969591771018 +- 5101.758400474389
      - D0 =  7e-13 +-
