ROI1  - l_c_mode =  19.99999982523113 +- 198.3337961171012
      - l_c_median =  39.955787040295995 +-
      - l_c_mid =  56.47477881262509 +-
      - sigma =  0.8318901694242522 +- 2.017448396240698
      - M0 =  79064.07412635058 +- 1340128.5089294496
      - D0 =  2.3e-12 +-
