ROI1  - tc_1 =  1.497228524486374 +- 0.21500553764486502
       - alpha_1 =  0.5654299739654348 +- 0.014076304353196744
       - M01 =  1684.6119597389259 +- 10.206523792719706
       - D0_ext =  2.3e-12
       - tc_2 =  1.4099468847467733 +- 0.016474222500909363
       - alpha_2 =  0.0 +- 0
       - M02 =  899.3049157297888 +- 10.186043011094947
       - D0_int =  1e-12
       - Chi cuadrado =  28950.67852021329
       - Reduced chi cuadrado =  366.464285065991
