ROI1  - tc_1 =  8.726535418750792 +- 0.9145429790610116
       - tc_2 =  1.8 +- 0
       - alpha_2 =  0.0 +- 0
