ROI1  - tc_1 =  1.3651322696281958 +- 0.3965283183857965
       - tc_2 =  1.8 +- 0
       - alpha_2 =  0.0 +- 0
