ROI1  - tc_1 =  1.0886547894418483 +- 0.34338925914985663
       - tc_2 =  1.8 +- 0
       - alpha_2 =  0.0 +- 0
