roi  - alpha_1 =  0.5408956352560388 +- 0.002382318923577223
       - M01 =  400.57760661618204 +- 0.3378405570184605
       - D0_ext =  2.3e-12
       - tc_2 =  2.21 +- 0
       - M02 =  108.2090667527702 +- 0.5881413846551643
       - D0_int =  1e-12
       - Chi cuadrado =  0.8834176314354981
       - Reduced chi cuadrado =  0.049078757301972115
