Ajuste 1 - alpha1 = 0.45
ROI1  - tc_1 =  2.23 +- 0
     - M0_1 =  1741.7374000118307 +- 17968.966062922784
      - D0_1 =  2.3e-12
      - alpha_2 =  0 +- 0
      - tc_2 =  2.23 +- 0
      - M0_2 =  1425.0578727369523 +- 14701.881356045324
      - D0_2 =  7e-13
      - Chi cuadrado =  241285.28239370856
      - Reduced chi cuadrado =  13404.737910761587
Ajuste 2 - alpha1 = 0.5
ROI1  - tc_1 =  2.23 +- 0
     - M0_1 =  1789.1250765348086 +- 14881.434313938156
      - D0_1 =  2.3e-12
      - alpha_2 =  0 +- 0
      - tc_2 =  2.23 +- 0
      - M0_2 =  1463.8296080739342 +- 12175.71898577039
      - D0_2 =  7e-13
      - Chi cuadrado =  183388.51319657636
      - Reduced chi cuadrado =  10188.250733143132
Ajuste 3 - alpha1 = 0.55
ROI1  - tc_1 =  2.23 +- 0
     - M0_1 =  1835.2181107847912 +- 12425.414726289142
      - D0_1 =  2.3e-12
      - alpha_2 =  0 +- 0
      - tc_2 =  2.23 +- 0
      - M0_2 =  1501.5420906421018 +- 10166.248421580398
      - D0_2 =  7e-13
      - Chi cuadrado =  141248.77482140192
      - Reduced chi cuadrado =  7847.154156744551
