ROI1  - tc_1 =  0.6522806872938219 +- 0.0724208419278465
       - alpha_1 =  0.5460120552813281 +- 0.002624702551545863
       - M01 =  1035.1926801054146 +- 1.2901180273694952
       - D0_ext =  2.3e-12
       - tc_2 =  1.7044120645126677 +- 0.007254835329918996
       - alpha_2 =  0.0 +- 0
       - M02 =  332.08283354535575 +- 1.30758787197583
       - D0_int =  7e-13
       - Chi cuadrado =  497.66252959011285
       - Reduced chi cuadrado =  6.380288840898883
