roi  - alpha_1 =  0.58 +- 0
       - M01 =  1176.8107190499722 +- 18.469478058850168
       - D0_1 =  2.3e-12
       - tc_2 =  1.74 +- 0
       - alpha_2 =  0.0079 +- 0
       - M02 =  629.9216850225254 +- 42.62824140197971
       - D0_2 =  7e-13
       - Chi cuadrado =  10739.696449906245
       - Reduced chi cuadrado =  275.3768320488781
roi  - alpha_1 =  0.58 +- 0
       - M01 =  1219.660789449209 +- 22.33424351039781
       - D0_1 =  2.3e-12
       - tc_2 =  1.74 +- 0
       - alpha_2 =  0.0079 +- 0
       - M02 =  625.8894766147249 +- 39.05442471118444
       - D0_2 =  7e-13
       - Chi cuadrado =  8303.999433520297
       - Reduced chi cuadrado =  230.66665093111936
roi  - alpha_1 =  0.58 +- None
       - M01 =  1145 +- None
       - D0_1 =  2.3e-12
       - tc_2 =  1.74 +- None
       - alpha_2 =  0.0079 +- None
       - M02 =  600 +- None
       - D0_2 =  7e-13
       - Chi cuadrado =  11804.447588917028
       - Reduced chi cuadrado =  287.9133558272446
