ROI1  - tc_1 =  0.10000000003739787 +- 0.09465869027063184
       - alpha_1 =  0.57 +- 0
       - M01 =  1005.5128938804975 +- 2.7756730007477235
       - D0_ext =  2.3e-12
       - tc_2 =  3.2084861232631146 +- 0.11639249091693553
       - alpha_2 =  0.0 +- 0
       - M02 =  257.43387635807915 +- 1.725708557689926
       - C =  107.11155104354907 +- 3.3999968083076886
       - D0_int =  6.5e-13
       - Chi cuadrado =  426.0833844664681
       - Reduced chi cuadrado =  5.462607493159847
