ROI1  - tc_1 =  3.5834910168514353 +- 0.2934774131380582
       - tc_2 =  1.8 +- 0
       - alpha_2 =  0.0 +- 0
