ROI1  - tc_1 =  1.671946496137063 +- 0.11547454524485799
       - tc_2 =  1.8 +- 0
       - alpha_2 =  0.0 +- 0
