ROI1  - tc_1 =  1.1777580579466542 +- 0.07746164736452202
       - tc_2 =  1.8 +- 0
       - alpha_2 =  0.0 +- 0
