roi  - alpha_1 =  0.3 +- 0
       - M01 =  239.44063903055175 +- 7.553543429680384
       - D0_ext =  2.3e-12
       - tc_2 =  2.18 +- 0
       - M02 =  84.67405392710819 +- 2.5013897881042952
       - D0_int =  6.5e-13
       - Chi cuadrado =  413.42147134061565
       - Reduced chi cuadrado =  22.967859518923092
roi  - alpha_1 =  0.5070099865049553 +- 0.005288378582992924
       - M01 =  358.07240725833856 +- 2.2892445285388567
       - D0_ext =  2.3e-12
       - tc_2 =  3.286053411244758 +- 0.26333589744596275
       - M02 =  114.2275374101917 +- 2.9772154785847085
       - D0_int =  6.5e-13
       - Chi cuadrado =  0.4414800549549585
       - Reduced chi cuadrado =  0.027592503434684907
roi  - alpha_1 =  0.4909553367364726 +- 0.002212422186306251
       - M01 =  352.2911656843372 +- 1.851256323533645
       - D0_ext =  2.3e-12
       - tc_2 =  2.18 +- 0
       - M02 =  103.3718408023454 +- 0.16112580553967099
       - D0_int =  6.5e-13
       - Chi cuadrado =  0.7752767559224398
       - Reduced chi cuadrado =  0.04560451505426116
