ROI1  - tc_1 =  49.76200223824427 +- None
       - alpha_1 =  0.9999999999946138 +- None
       - M01 =  215.87559475577834 +- None
       - D0_ext =  2.3e-12
       - tc_2 =  2.21 +- None
       - alpha_2 =  0.0 +- None
       - M02 =  194.65293666489248 +- None
       - D0_int =  7e-13
