roi  - lc moda =  1.491643393087416  +/-  128.03829018350322
       - sigma =  0.05761414822063037  +/-  488.4158265423351
       - D0 =  5e-13  +/-  0
       - lc mediana =  1.4966029661871547
       - lc media =  1.4990889331062132
       - Chi cuadrado =  849.5151911059442
       - Reduced chi cuadrado =  4.356488159517663
    - M0_1 = 1366.199962569078 +- 9.095638798972216
    - M0_2 = 1287.5868256498513 +- 10.146561017319556
    - M0_3 = 934.6754699736099 +- 7.9903540355375355
    - M0_4 = 603.2011270575899 +- 5.848704855816957
    - M0_5 = 379.38023571915727 +- 4.016417993948577
    - M0_6 = 331.14741885251874 +- 3.8097966735140876
    - M0_7 = 182.62589069934222 +- 2.4103305333053724
    - M0_8 = 186.5450716696637 +- 2.5686919318136168
    - M0_9 = 111.56421715040776 +- 1.7559755008934048
    - M0_10 = 117.48636725439022 +- 1.8512277105467179
