ROI1  - tc_1 =  16.84824425431382 +- 0.14823014725834974
       - alpha_1 =  0.3 +- 0
       - M01 =  558.4643132843131 +- 0.4283738586539897
       - D0_ext =  2.3e-12
       - tc_2 =  2.18 +- 0
       - alpha_2 =  0.0 +- 0
       - M02 =  107.1900157960437 +- 0.5023591896190612
       - D0_int =  6.5e-13
ROI1  - tc_1 =  0.10000228812971246 +- 40.57198301496844
       - alpha_1 =  0.7191956991569526 +- 0.13711163831623277
       - M01 =  365.7640528127321 +- 37.889566994758916
       - D0_ext =  2.3e-12
       - tc_2 =  2.18 +- 0
       - alpha_2 =  0.0 +- 0
       - M02 =  156.7554977781136 +- 16.23833179733382
       - D0_int =  6.5e-13
ROI1  - tc_1 =  25.588294605674218 +- None
       - alpha_1 =  0.9999999999603907 +- None
       - M01 =  329.6592737409243 +- None
       - D0_ext =  2.3e-12
       - tc_2 =  2.18 +- None
       - alpha_2 =  0.0 +- None
       - M02 =  202.04816887581248 +- None
       - D0_int =  6.5e-13
ROI1  - tc_1 =  49.99999998864282 +- 125.98461236057956
       - alpha_1 =  0.3 +- 0
       - M01 =  319.90106528353294 +- 20.661197718157272
       - D0_ext =  2.3e-12
       - tc_2 =  2.18 +- 0
       - alpha_2 =  0.0 +- 0
       - M02 =  196.06735999064597 +- 12.663248073260148
       - D0_int =  6.5e-13
