roi  - alpha_1 =  0.5080626549359878 +- 0.01126184978454163
       - M01 =  423.0655301031883 +- 10.634655059342863
       - D0_ext =  2.3e-12
       - tc_2 =  1.8755451959802016 +- 0.011559276489420865
       - alpha_2 =  0.0 +- 0
       - M02 =  172.4714300112906 +- 1.086238417689259
       - D0_int =  6.5e-13
       - Chi cuadrado =  61.33826941823362
       - Reduced chi cuadrado =  1.6141649846903585
