Ajuste 1 - alpha1 = 0.45
ROI1  - tc_1 =  2.23 +- 0
     - M0_1 =  1620.2350195331117 +- 12.30238518992973
      - D0_1 =  2.3e-12
      - alpha_2 =  0 +- 0
      - tc_2 =  2.23 +- 0
      - M0_2 =  1325.646834163455 +- 10.065587858034885
      - D0_2 =  7e-13
      - Chi cuadrado =  21.992414115033494
      - Reduced chi cuadrado =  1.2218007841685274
Ajuste 2 - alpha1 = 0.5
ROI1  - tc_1 =  2.23 +- 0
     - M0_1 =  1620.2497261420872 +- 12.271212201688812
      - D0_1 =  2.3e-12
      - alpha_2 =  0 +- 0
      - tc_2 =  2.23 +- 0
      - M0_2 =  1325.6588668435259 +- 10.040082715431774
      - D0_2 =  7e-13
      - Chi cuadrado =  21.991766916787125
      - Reduced chi cuadrado =  1.2217648287103957
Ajuste 3 - alpha1 = 0.55
ROI1  - tc_1 =  2.23 +- 0
     - M0_1 =  1620.242911428717 +- 12.241374733895906
      - D0_1 =  2.3e-12
      - alpha_2 =  0 +- 0
      - tc_2 =  2.23 +- 0
      - M0_2 =  1325.65329116895 +- 10.015670231484506
      - D0_2 =  7e-13
      - Chi cuadrado =  21.99110716311448
      - Reduced chi cuadrado =  1.2217281757285823
