ROI1  - l_c_mode =  12.949547261806797 +- 9.35831063516558
      - l_c_median =  20.696646262961114 +-
      - l_c_mid =  26.16511651150084 +-
      - sigma =  0.6847706505152076 +- 0.14897928116843348
      - M0 =  99999.99943853129 +- 109469.9071676321
      - D0 =  2.3e-12 +-
