ROI1  - tc_1 =  9.985122607184428 +- 1.0558463075956956
       - tc_2 =  1.8 +- 0
       - alpha_2 =  0.0 +- 0
ROI1  - tc_1 =  11.436810545147633 +- 1.2322825960337263
       - tc_2 =  1.8 +- 0
       - alpha_2 =  0.0 +- 0
