ROI1  - tc_1 =  4.9908947395058165 +- 0.22549482575334132
       - tc_2 =  1.8 +- 0
       - alpha_2 =  0.0 +- 0
ROI1  - tc_1 =  5.592770738188845 +- 0.2508908780223136
       - tc_2 =  1.8 +- 0
       - alpha_2 =  0.0 +- 0
