ROI1  - tc_1 =  3.450825106709155 +- 0.16744018021495635
       - tc_2 =  1.8 +- 0
       - alpha_2 =  0.0 +- 0
ROI1  - tc_1 =  3.8071522172365913 +- 0.18666211549126777
       - tc_2 =  1.8 +- 0
       - alpha_2 =  0.0 +- 0
