ROI1  - tc_1 =  5.353588943736359 +- 0.13075252953288974
       - alpha_1 =  0.3 +- 0
       - M01 =  1318.6255175818692 +- 10.114210981153873
       - D0_ext =  2.3e-12
       - tc_2 =  2.5458895265004844 +- 0.08868815357601742
       - alpha_2 =  0.0 +- 0
       - M02 =  533.7976932967525 +- 23.56118032611129
       - D0_int =  7e-13
       - Chi cuadrado =  1190.2925426062613
       - Reduced chi cuadrado =  32.17006871908814
ROI1  - tc_1 =  0.1978943855448405 +- 3.6088579855951224
       - alpha_1 =  0.5583248435014746 +- 0.02056397781350317
       - M01 =  965.9851110440468 +- 27.005699677451847
       - D0_ext =  2.3e-12
       - tc_2 =  1.0000002235308199 +- 0.07555577654829702
       - alpha_2 =  0.09966226846980264 +- 0.03518944307730183
       - M02 =  107.38180667863028 +- 7.819992039958285
       - D0_int =  7e-13
       - Chi cuadrado =  140.1240214644967
       - Reduced chi cuadrado =  4.003543470414192
