ROI1  - tc_1 =  15.525177341222859 +- 0.4567059710016363
       - alpha_1 =  0.32 +- 0
       - M01 =  673.5478923515931 +- 5.929047758953142
       - D0_ext =  2.3e-12
       - tc_2 =  2.0014475185915543 +- 0.03538346361596332
       - alpha_2 =  0.0 +- 0
       - M02 =  198.72557423746662 +- 5.524115373994277
       - D0_int =  7e-13
       - Chi cuadrado =  21.312016040335735
       - Reduced chi cuadrado =  0.5608425273772562
