roi  - alpha_1 =  0.4935141338339971 +- 0.0027759090841390876
       - M01 =  555.2266085781138 +- 3.7202439339511937
       - D0_ext =  2.3e-12
       - tc_2 =  2.089 +- 0
       - M02 =  180.31202913972672 +- 0.311859545446645
       - D0_int =  6.5e-13
       - Chi cuadrado =  3.0650359911459626
       - Reduced chi cuadrado =  0.1702797772858868
