ROI1  - l_c_mode =  8.009871621939112 +- 0.20925614624589073
      - l_c_median =  8.062389271174801 +-
      - l_c_mid =  8.088777081797055 +-
      - sigma =  0.08084067349766313 +- 0.22084300252507588
      - M0 =  1497.9140044177423 +- 4.2741330104122595
      - D0 =  2.3e-12 +-
