ROI1  - l_c_mode =  49.35314520185933 +- 222003923.0974907
      - l_c_median =  49.35846810273436 +-
      - l_c_mid =  49.36112976845273 +-
      - sigma =  0.010384965603298579 +- 5884966.832294373
      - M0 =  1309.7203463795504 +- 7.616798054758987
      - D0 =  7e-13 +-
