ROI1  - tc_1 =  5.867513665626386 +- 0.33826303080910014
       - alpha_1 =  0.3 +- 0
       - tc_2 =  1.8 +- 0
       - alpha_2 =  0.0 +- 0
