ROI1  - tc_1 =  0.1436684706360737 +- 74.7943230152314
       - alpha_1 =  0.3 +- 0
       - tc_2 =  1.8 +- 0
       - alpha_2 =  0.0 +- 0
