ROI1  - tc_1 =  7.952792544363396 +- 0.3699857641657451
       - alpha_1 =  0.3 +- 0
       - tc_2 =  1.8 +- 0
       - alpha_2 =  0.0 +- 0
