ROI1  - tc_1 =  26.38968726922905 +- 3.9912360540566327
       - alpha_1 =  0.3 +- 0
       - tc_2 =  1.8 +- 0
       - alpha_2 =  0.0 +- 0
