ROI1  - tc_1 =  0.10000000000022757 +- 0.08518887359584816
       - alpha_1 =  0.5491542041877863 +- 0.010929061112047033
       - M01 =  0.5817642630018272 +- 0.008884842250406295
       - D0_ext =  2.3e-12
       - tc_2 =  1.968116648232456 +- 0.5178772683069125
       - alpha_2 =  0.023815316344708348 +- 0.0379257404273796
       - M02 =  0.1551168839222794 +- 0.1304127983780551
       - D0_int =  7e-13
       - Chi cuadrado =  2.859526806985472e-05
       - Reduced chi cuadrado =  8.170076591387062e-07
ROI1  - tc_1 =  0.10000000086998657 +- 2.3981042557504795
       - alpha_1 =  0.6 +- 0
       - M01 =  0.5878500209675322 +- 0.009798694061770872
       - D0_ext =  2.3e-12
       - tc_2 =  2.584193490217068 +- 0.12200758358394471
       - alpha_2 =  0.0 +- 0
       - M02 =  0.3294707250315144 +- 0.019088502894010248
       - D0_int =  7e-13
       - Chi cuadrado =  0.0007964427446049933
       - Reduced chi cuadrado =  2.152547958391874e-05
