ROI1  - l_c_mode =  9.999999961408413 +- 8.732454012804745
      - l_c_median =  15.953246875896317 +-
      - l_c_mid =  20.149934082232715 +-
      - sigma =  0.6834305270224321 +- 84.59925833114441
      - M0 =  3484.411808779264 +- 390.1568868965282
      - D0 =  7e-13 +-
ROI1  - l_c_mode =  45.14676015769004 +- 25345474796.346256
      - l_c_median =  45.151308966853705 +-
      - l_c_mid =  45.153583543302666 +-
      - sigma =  0.010037478424318479 +- 49722435.22073661
      - M0 =  3504.4321962693857 +- 14.615662709137666
      - D0 =  7e-13 +-
