ROI1  - tc_1 =  0.5632140606974645 +- 0.09929625752202664
       - alpha_1 =  0.5445177094697135 +- 0.001958467180575495
       - M01 =  638.1334047138026 +- 0.586731051963031
       - D0_ext =  2.3e-12
       - tc_2 =  1.8628303374451414 +- 0.012431005312254738
       - alpha_2 =  0.0019222596627464505 +- 0.0006229100656476056
       - M02 =  183.07632128039265 +- 0.5840606981739361
       - D0_int =  7e-13
       - Chi cuadrado =  108.32506153501639
       - Reduced chi cuadrado =  1.3887828401925177
