ROI1  - l_c_mode =  2.14 +- 0
      - l_c_median =  2.3415329671291505 +-
      - l_c_mid =  2.4493087185118134 +-
      - sigma =  0.3 +- 0
      - M0 =  859.4024831635634 +- 0.9096159014798738
      - D0 =  1e-12 +- 0
      - Chi cuadrado =  8.26745541339324
      - Reduced chi cuadrado =  0.4351292322838547
ROI1  - l_c_mode =  2.020060076086769 +- 0.04164036518498651
      - l_c_median =  2.155375938382149 +-
      - l_c_mid =  2.2263959469008183 +-
      - sigma =  0.2546328849512032 +- 0.029617725453197317
      - M0 =  702.0342498751979 +- 52.16033000814325
      - D0 =  1e-12 +- 0
      - Chi cuadrado =  2.9197136884809836
      - Reduced chi cuadrado =  0.17174786402829315
