ROI1  - tc_1 =  4.868189476585811 +- 1186.9127848898772
       - alpha_1 =  0.22013315119898463 +- 53.49646230237878
       - M01 =  2709.3724144697135 +- 27022.432666640845
       - D0_ext =  2.3e-12
       - tc_2 =  2.21 +- 0
       - alpha_2 =  0.0 +- 0
       - M02 =  2.8492741499519525e-06 +- 2019.0879958872554
       - D0_int =  7e-13
