ROI1  - tc_1 =  2.808354270600679 +- None
       - alpha_1 =  0.3 +- None
       - M01 =  2644.533772933579 +- None
       - D0_ext =  2.3e-12
       - tc_2 =  9.999999998651772 +- None
       - alpha_2 =  0.0 +- None
       - M02 =  4.850719936833059e-05 +- None
       - D0_int =  7e-13
