ROI1  - tc_1 =  0.10000000025415087 +- 3.5736474792445048
       - alpha_1 =  0.5823997723862844 +- 0.015958222844754903
       - M01 =  1136.9919386199317 +- 8.29623455046776
       - D0_ext =  2.3e-12
       - tc_2 =  2.21 +- 0
       - alpha_2 =  0.0 +- 0
       - M02 =  546.7179193752081 +- 13.335640117492309
       - C =  61.24980995143837 +- 6.268495031156133
       - D0_int =  6.5e-13
       - Chi cuadrado =  20170.574330007403
       - Reduced chi cuadrado =  258.5971067949667
