ROI1  - tc_1 =  0.10000000183360577 +- 2.1014915634610714
       - alpha_1 =  0.4102400403495037 +- 0.03201640005037097
       - M01 =  1035.2337281631712 +- 1406.9248203859395
       - D0_ext =  2.3e-12
       - tc_2 =  1.705602965991684 +- 0.019143130910456673
       - alpha_2 =  0.0 +- 0
       - M02 =  847.844676546598 +- 12.107177653891172
       - D0_int =  7e-13
       - Chi cuadrado =  4005.4148885492787
       - Reduced chi cuadrado =  108.2544564472778
