      - alpha_1 =  0.57 +- 0.03434896261485898
      - M0_1 =  0.56 +- 0.03136005224461016
      - D0_1 =  2.3e-12 +-
      - lc_mode_2 =  1.7 +- 76.63611048776792
      - lc_median_2 =  1.792351152625588 +-
      - lc_mid_2 =  1.8403913717888398 +-
      - sigma_2 =  0.23000000000000007 +- 18.921850001917115
      - alpha_2 =  0.0 +- 1.0934274078935159e-14
      - M0_2 =  0.43999999999999995 +- 0.03136005216950819
      - D0_2 =  6.5e-13 +-
      - alpha_1 =  0.6000293366328634 +- 0.012250133234107431
      - M0_1 =  0.5467634375058359 +- 0.008382717620041958
      - D0_1 =  2.3e-12 +-
      - lc_mode_2 =  1.4 +- 0
      - lc_median_2 =  1.5937221202915828 +-
      - lc_mid_2 =  1.7004148260540979 +-
      - sigma_2 =  0.36 +- 0
      - alpha_2 =  1.0854039889096612e-11 +- 0.005674264064757342
      - M0_2 =  0.4532365624941641 +- 0.008382717638832218
      - D0_2 =  6.5e-13 +-
      - alpha_1 =  0.57 +- 0
      - M0_1 =  0.5575967870944739 +- 0.01589545025103312
      - D0_1 =  2.3e-12 +-
      - lc_mode_2 =  1.6721793005509649 +- 1058.0118605673374
      - lc_median_2 =  1.7342011987093637 +-
      - lc_mid_2 =  1.7660695456425564 +-
      - sigma_2 =  0.1908380389060966 +- 209.3685627550751
      - alpha_2 =  2.0161428082587918e-11 +- 0.0045340652108255474
      - M0_2 =  0.4424032129055261 +- 0.01589545027143996
      - D0_2 =  6.5e-13 +-
      - alpha_1 =  0.6001492915241373 +- 0.012424916991508755
      - M0_1 =  0.5468374640153035 +- 0.008498489131436639
      - D0_1 =  2.3e-12 +-
      - lc_mode_2 =  1.4 +- 0
      - lc_median_2 =  1.5937221202915828 +-
      - lc_mid_2 =  1.7004148260540979 +-
      - sigma_2 =  0.36 +- 0
      - alpha_2 =  1.9039103626994347e-11 +- 0.010528269262917389
      - M0_2 =  0.45316253598469647 +- 0.008498489130809537
      - D0_2 =  6.5e-13 +-
