ROI1  - tc_1 =  0.10000000195322833 +- 82.29423678310985
       - alpha_1 =  0.6197104427811423 +- 0.17526874525959582
       - tc_2 =  2.194296520554129 +- 0.228997970528899
       - alpha_2 =  0.0 +- 0
