ROI1  - tc_1 =  2.085325693091653 +- 2.636571254846281
       - alpha_1 =  0.10000024844900668 +- 0.31300428944135217
       - tc_2 =  1.925462520100053 +- 0.07851824684022435
       - alpha_2 =  0.0 +- 0
