ROI1  - tc_1 =  2.09 +- None
       - alpha_1 =  0.4 +- None
       - M01 =  0.7000000000000001 +- None
       - D0_ext =  2.3e-12
       - tc_2 =  2.08 +- None
       - alpha_2 =  0.03 +- None
       - M02 =  0.30000000000000004 +- None
       - D0_int =  7e-13
