ROI1  - l_c_mode =  3.8786105379409763 +- 0.0388186686878939
      - l_c_median =  9.571038359593656 +-
      - l_c_mid =  15.03489843673797 +-
      - sigma =  0.9504023991884246 +- 0.028212889969742954
      - M0 =  8616.720270043428 +- 83.70967947634207
      - D0 =  2.3e-12 +-
