ROI1  - tc_1 =  4.9 +- 0
       - alpha_1 =  0.31 +- 0
       - M01 =  2246.203600751488 +- 81.26600929515527
       - D0_ext =  2.3e-12
       - tc_2 =  2.1 +- 0
       - alpha_2 =  0.0 +- 0
       - M02 =  428.9892629270098 +- 67.20006610967144
       - D0_int =  7e-13
