roi  - alpha_1 =  0.595383316269831 +- 0.05169630206482102
       - M01 =  1102.4650941781965 +- 17.478460983717085
       - D0_ext =  2.3e-12
       - tc_2 =  2.21 +- 0
       - M02 =  654.4606204417336 +- 39.89307358003847
       - D0_int =  1e-12
       - Chi cuadrado =  1736.1701028094542
       - Reduced chi cuadrado =  96.45389460052523
