roi  - alpha_1 =  0.4507441067042281 +- 0.02108355932164389
       - M01 =  924.7424020534175 +- 37.53515832352328
       - D0_ext =  2.3e-12
       - tc_2 =  2.134 +- 0
       - M02 =  578.3155488562811 +- 6.616610425004513
       - D0_int =  6.5e-13
       - Chi cuadrado =  696.0053939578256
       - Reduced chi cuadrado =  38.66696633099031
