roi  - alpha_1 =  0.9999999995168972 +- 0.5512459807055247
       - M01 =  215.7163220087488 +- 42.115797563675805
       - D0_ext =  2.3e-12
       - tc_2 =  2.21 +- 0
       - M02 =  195.31374164559855 +- 47.20385780746535
       - D0_int =  1e-12
       - Chi cuadrado =  118.28162056265093
       - Reduced chi cuadrado =  6.95774238603829
