ROI1  - tc_1 =  19.999999894040293 +- 9.03149068041543
       - alpha_1 =  0.0 +- 0
       - M01 =  0.5600319984649201 +- 0.03361908833200699
       - D0_1 =  2.3e-12
       - tc_2 =  2.074929146885296 +- 0.030779483911767904
       - alpha_2 =  0.0 +- 0
       - M02 =  0.4262738513592337 +- 0.004215942256746629
       - D0_2 =  7e-13
       - alpha_3 =  1.0 +- 0
       - M0_3 =  0.15064319834557632 +- 0.015035237168754531
       - D0_3 =  2.3e-12
ROI1  - tc_1 =  9.999999999966295 +- 3.4527092586195374
       - alpha_1 =  0.0 +- 0
       - M01 =  0.6463402792003048 +- 0.07606318852914937
       - D0_1 =  2.3e-12
       - tc_2 =  2.108877788893544 +- 0.03633717366048263
       - alpha_2 =  0.0 +- 0
       - M02 =  0.4285935972583017 +- 0.00491976078098775
       - D0_2 =  7e-13
       - alpha_3 =  1.0 +- 0
       - M0_3 =  0.17360966408169132 +- 0.014354517919638717
       - D0_3 =  2.3e-12
ROI1  - tc_1 =  8.688963443089154 +- 0.2542620923959832
       - alpha_1 =  0.0 +- 0
       - M01 =  0.6781459378344004 +- 0.0052435746026246455
       - D0_1 =  1.6e-12 +- 0
       - tc_2 =  2.122370339841786 +- 0.028478641256023035
       - alpha_2 =  0.0 +- 0
       - M02 =  0.42931309866405853 +- 0.00472026629823085
       - D0_2 =  7e-13
       - alpha_3 =  1.0 +- 0
       - M0_3 =  0.17616807238153998 +- 0.008074910435571132
       - D0_3 =  2.3e-12
ROI1  - tc_1 =  1.7559287564832937 +- 9047.380131957383
       - alpha_1 =  0.0 +- 0
       - M01 =  0.37874286459069717 +- 2258.1924686207785
       - D0_1 =  1.5639655838427828e-13 +- 1.1711127825873536e-09
       - tc_2 =  9.999999999886715 +- 1.6860801543206219
       - alpha_2 =  0.0 +- 0
       - M02 =  0.41126684720651124 +- 0.11240301672860442
       - D0_2 =  7e-13
       - alpha_3 =  1.0 +- 0
       - M0_3 =  0.42799410741805494 +- 0.03329133722105856
       - D0_3 =  2.3e-12
