ROI1  - tc_1 =  1.6999860105032079 +- 133.75891857195248
       - alpha_1 =  0.40220970633892034 +- 2.1753635115527628
       - M01 =  826.164000103558 +- 3058.0597837446558
       - D0_ext =  2.3e-12
       - tc_2 =  2.21 +- 0
       - alpha_2 =  0.0 +- 0
       - M02 =  1.1879795221336753 +- 4472.2352363324635
       - D0_int =  7e-13
