ROI1  - tc_1 =  17.95445294599564 +- 1.7628019956385346
       - alpha_1 =  0.3 +- 0
       - tc_2 =  1.8 +- 0
       - alpha_2 =  0.0 +- 0
