ROI1  - tc_1 =  8.022755775273534 +- 0.30003252210166215
       - alpha_1 =  0.3 +- 0
       - tc_2 =  1.8 +- 0
       - alpha_2 =  0.0 +- 0
