ROI1  - tc_1 =  0.11813368070472134 +- 10.064716892347866
       - alpha_1 =  0.3 +- 0
       - tc_2 =  1.8 +- 0
       - alpha_2 =  0.0 +- 0
