ROI1  - tc_1 =  5.524101929993741 +- 0.24028958506610254
       - alpha_1 =  0.3 +- 0
       - tc_2 =  1.8 +- 0
       - alpha_2 =  0.0 +- 0
