roi  - alpha_1 =  0.46445497440706085 +- 0.04798330882935204
       - M01 =  733.8225103020874 +- 15.628019315904057
       - D0_ext =  2.3e-12
       - tc_2 =  2.21 +- 0
       - M02 =  286.65521307604024 +- 32.92707533909999
       - D0_int =  1e-12
       - Chi cuadrado =  1001.1371041972415
       - Reduced chi cuadrado =  55.61872801095786
