roi  - alpha_1 =  0.7282567829674229 +- 0.035329207987398616
       - M01 =  1538.6249989039625 +- 19.797299992427533
       - D0_ext =  2.3e-12
       - tc_2 =  2.21 +- 0
       - M02 =  1107.0081461341629 +- 23.207526037036846
       - D0_int =  1e-12
       - Chi cuadrado =  1671.4116771846946
       - Reduced chi cuadrado =  92.85620428803858
