ROI1  - tc_1 =  32.335908679581216 +- 121426591476.20644
       - alpha_1 =  0.9999999999630351 +- 3.63152596210792
       - M01 =  962.6704231072003 +- 1946.2090480031538
       - D0_ext =  2.3e-12
       - tc_2 =  2.21 +- 0
       - alpha_2 =  0.0 +- 0
       - M02 =  857.6001397504041 +- 761.8020890073124
       - D0_int =  7e-13
