ROI1  - l_c_mode =  3.7762650492927454 +- 0.23867430137426066
      - l_c_median =  5.583924494897237 +-
      - l_c_mid =  6.790129720602557 +-
      - sigma =  0.6254249792919971 +- 0.070632093035147
      - M0 =  4611.274757632863 +- 30.170114642989002
      - D0 =  2.3e-12 +-
