ROI1  - tc_1 =  49.9999991827597 +- 448.6749810514507
       - tc_2 =  0.13265799461330918 +- 273.18407752888993
       - alpha_2 =  0.0 +- 0
ROI1  - tc_1 =  20.41371028040942 +- 12.457582626294391
       - tc_2 =  1.0846652952243925 +- 22.44669002288329
       - alpha_2 =  0.0 +- 0
ROI1  - tc_1 =  16.132964633186837 +- 1.6468156709213
       - tc_2 =  1.8 +- 0
       - alpha_2 =  0.0 +- 0
