ROI1  - tc_1 =  0.10000000087152991 +- 367.72750655558985
       - tc_2 =  3.8798457703488682 +- 0.5413039782975869
       - alpha_2 =  0.0 +- 0
ROI1  - tc_1 =  2.525462673123441 +- 0.4932521975650108
       - tc_2 =  2.6465593219134926 +- 0.6310082004601827
       - alpha_2 =  0.0 +- 0
ROI1  - tc_1 =  2.6609471650040133 +- 0.1173701246367739
       - tc_2 =  1.8 +- 0
       - alpha_2 =  0.0 +- 0
