ROI1  - tc_1 =  100000 +- 0
       - tc_2 =  2.1279404328367684 +- 0.08860939122919635
       - alpha_2 =  0.0 +- 0
ROI1  - tc_1 =  100000 +- 0
       - tc_2 =  1.8883466560088642 +- 0.10103890303324871
       - alpha_2 =  0.0 +- 0
ROI1  - tc_1 =  100000 +- 0
       - tc_2 =  1.8 +- 0
       - alpha_2 =  0.0 +- 0
