ROI1  - tc_1 =  1.8259789118286969 +- 6.36810384607037
       - tc_2 =  5.6808559447724365 +- 1.127998923542726
       - alpha_2 =  0.0 +- 0
ROI1  - tc_1 =  3.2585282265110322 +- 1.7940845818474613
       - tc_2 =  5.404975081886598 +- 1.5828754812844879
       - alpha_2 =  0.0 +- 0
ROI1  - tc_1 =  4.599737881588321 +- 0.16716349542117906
       - tc_2 =  1.8 +- 0
       - alpha_2 =  0.0 +- 0
