ROI1  - l_c_mode =  2.14 +- 0
      - l_c_median =  2.3415329671291505 +-
      - l_c_mid =  2.4493087185118134 +-
      - sigma =  0.3 +- 0
      - M0 =  394.5570775671549 +- 0.5312575047538353
      - D0 =  1e-12 +- 0
      - Chi cuadrado =  4.489825619604018
      - Reduced chi cuadrado =  0.22449128098020088
ROI1  - l_c_mode =  2.0695943136317574 +- 0.065550707447633
      - l_c_median =  2.2879741767279076 +-
      - l_c_mid =  2.405658999837154 +-
      - sigma =  0.3167241429722971 +- 0.04504243615481658
      - M0 =  355.21809093259617 +- 40.12597028506314
      - D0 =  1e-12 +- 0
      - Chi cuadrado =  0.8501174294404905
      - Reduced chi cuadrado =  0.04722874608002725
