ROI1  - tc_1 =  49.99999917422223 +- 49.90971961675345
       - alpha_1 =  0.44 +- 0
       - M01 =  1069.0930649325526 +- 103.8405481632795
       - D0_ext =  2.3e-12
       - tc_2 =  2.1081755142685568 +- 0.1315769926716115
       - alpha_2 =  0.0 +- 0
       - M02 =  765.8072672031968 +- 90.92803156400026
       - D0_int =  7e-13
       - Chi cuadrado =  6575.96245978343
       - Reduced chi cuadrado =  177.72871512928188
