roi  - lc moda =  1.598666609161668  +/-  0.02286515743857447
       - sigma =  0.11146514754691376  +/-  0.017439513190242565
       - D0 =  6.5e-13  +/-  0
       - lc mediana =  1.6186531129073092
       - lc media =  1.6287398720504866
       - Chi cuadrado =  931.942587524524
       - Reduced chi cuadrado =  4.779192756536021
    - M0_1 = 1619.1617129821434 +- 12.591394130332894
    - M0_2 = 1469.0785571993058 +- 14.103057035855523
    - M0_3 = 1060.513150131449 +- 11.22083415515173
    - M0_4 = 670.9985276811947 +- 8.129988898929847
    - M0_5 = 417.9298886609095 +- 5.507791439925535
    - M0_6 = 360.38715220425286 +- 5.119262103367675
    - M0_7 = 196.27643933868012 +- 3.0848776121032455
    - M0_8 = 197.78676760371096 +- 3.166246966001683
    - M0_9 = 117.68517139319535 +- 2.0982755667215085
    - M0_10 = 123.24931685457952 +- 2.181778698468553
