ROI1  - lc_mode_1 =  0.5 +- 8.845957170906985e-10
      - lc_median_1 =  17.072924044969266 +-
      - lc_mid_1 =  99.76469063276237 +-
      - sigma_1 =  1.879 +- 75.61706639835175
      - alpha_1 =  0.43 +- 7.1601908485291235
      - M0_1 =  0.6 +- 2.443888141548936
      - D0_1 =  2.3e-12 +-
      - lc_mode_2 =  1.5549999999999997 +- 23330748889.980965
      - lc_median_2 =  1.5844180129330065 +-
      - lc_mid_2 =  17.233663037620033 +-
      - sigma_2 =  0.13690000000000002 +- 2846937133.5880265
      - alpha_2 =  0.0 +- 3.443359223765802e-13
      - M0_2 =  0.4 +- 1.4571311078958329
      - D0_2 =  7e-13 +-
ROI1  - lc_mode_1 =  0.40000000551784237 +- 122.43531237104231
      - lc_median_1 =  0.7311693823602341 +-
      - lc_mid_1 =  0.9885462590502486 +-
      - sigma_1 =  0.7766470145574014 +- 189.60653581117586
      - alpha_1 =  0.6232106174591956 +- 3.0231973436446244
      - M0_1 =  0.538171861752859 +- 1.5383351444931268
      - D0_1 =  2.3e-12 +-
      - lc_mode_2 =  1.5703731832870154 +- 15006854738.694033
      - lc_median_2 =  1.5908522332876402 +-
      - lc_mid_2 =  0.7359214861364719 +-
      - sigma_2 =  0.1138269780853054 +- 1549849787.623102
      - alpha_2 =  7.561579140613617e-11 +- 0.07870726330154207
      - M0_2 =  0.38688152481683635 +- 0.6917993524721026
      - D0_2 =  7e-13 +-
