ROI1  - lc_mode_1 =  6.0 +- 0
      - lc_median_1 =  11.37888527582971 +-
      - lc_mid_1 =  15.670178840538709 +-
      - sigma_1 =  0.8 +- 0
      - M0_1 =  100.00000000000023 +- 2.009226117265747e-13
      - D0_ext =  2.3e-12 +-
      - lc_mode_2 =  1.5 +- 0
      - lc_median_2 =  1.515075250626252 +-
      - lc_mid_2 =  11.435922175631536 +-
      - sigma_2 =  0.1 +- 0
      - M0_2 =  9.999999999999773 +- 1.5609403114344622e-13
      - D0_int =  7e-13 +-
ROI1  - lc_mode_1 =  5.999999999994856 +- 1.1542495592006775e-10
      - lc_median_1 =  11.378885275819954 +-
      - lc_mid_1 =  15.670178840525274 +-
      - sigma_1 =  0.8 +- 0
      - M0_1 =  100.00000000007094 +- 1.5746442890028314e-09
      - D0_ext =  2.3e-12 +-
      - lc_mode_2 =  1.4999995346143857 +- 1.0112297941986267e-05
      - lc_median_2 =  1.5150747805634344 +-
      - lc_mid_2 =  11.435922175621732 +-
      - sigma_2 =  0.1 +- 0
      - M0_2 =  9.999999999929287 +- 1.5666695684116185e-09
      - D0_int =  7e-13 +-
ROI1  - lc_mode_1 =  6.0 +- 9.47676761007451e-10
      - lc_median_1 =  11.37888527582971 +-
      - lc_mid_1 =  15.670178840538709 +-
      - sigma_1 =  0.8 +- 3.40701032288949e-11
      - M0_1 =  100.0 +- 8.862837326501569e-09
      - D0_ext =  2.3e-12 +-
      - lc_mode_2 =  1.5000000000000002 +- 0.00010522320907762265
      - lc_median_2 =  1.5150752506262526 +-
      - lc_mid_2 =  11.435922175631536 +-
      - sigma_2 =  0.10000000000000005 +- 1.571045584867006e-05
      - M0_2 =  10.000000000000114 +- 8.794907866270626e-09
      - D0_int =  7e-13 +-
