ROI1  - l_c_mode =  17.952615041965508 +- 2822.2626961402743
      - l_c_median =  1292616194809.094 +-
      - l_c_mid =  3.468490664691404e+17 +-
      - sigma =  4.999995354942629 +- 3203.426382362226
      - M0 =  1606.7038959494203 +- 72.69828456626355
      - D0 =  7e-13 +-
