ROI1  - tc_1 =  0.6923008335481046 +- 0.12589878673715194
       - alpha_1 =  0.551667188498253 +- 0.0026502777228510563
       - M01 =  463.2555833457375 +- 0.5865461362584273
       - D0_ext =  2.3e-12
       - tc_2 =  2.7252683845001844 +- 0.012199030035482974
       - alpha_2 =  0.0 +- 0
       - M02 =  130.13791105168704 +- 0.6006719851159528
       - C =  50 +- 0
       - D0_int =  6.5e-13
       - Chi cuadrado =  95.7796774905279
       - Reduced chi cuadrado =  1.2124009808927583
