ROI1  - tc_1 =  1.547468291679144 +- 0.2002219457132865
       - alpha_1 =  0.5721712759741019 +- 0.013102406915773737
       - M01 =  1670.51533077049 +- 9.518930541706336
       - D0_ext =  2.3e-12
       - tc_2 =  2.016697372806655 +- 0.024516934410902608
       - alpha_2 =  0.0 +- 0
       - M02 =  865.8674244110948 +- 9.615772485398695
       - C =  50 +- 0
       - D0_int =  6.5e-13
       - Chi cuadrado =  23458.75146858938
       - Reduced chi cuadrado =  296.94622112138455
