roi  - alpha_1 =  0.48902002461559035 +- 0.002871602289387529
       - M01 =  2048.164006732586 +- 16.35519654733233
       - D0_ext =  2.3e-12
       - tc_2 =  1.999 +- 0
       - M02 =  1194.8050220011799 +- 1.1950038737244364
       - D0_int =  6.5e-13
       - Chi cuadrado =  33.539542502731905
       - Reduced chi cuadrado =  1.8633079168184392
