ROI1  - tc_1 =  0.1 +- None
       - alpha_1 =  0.6000000000000001 +- None
       - M01 =  0.6000000000000001 +- None
       - D0_ext =  2.3e-12
       - tc_2 =  2.12 +- None
       - alpha_2 =  0.0 +- None
       - M02 =  0.4 +- None
       - D0_int =  7e-13
