ROI1  - tc_1 =  6.847238833054581 +- 0.24579177933602211
       - alpha_1 =  0.3 +- 0
       - M01 =  617.9594917434489 +- 7.338498111941129
       - D0_ext =  2.3e-12
       - tc_2 =  2.4557708540133465 +- 0.11889011614174004
       - alpha_2 =  0 +- 0
       - M02 =  298.24456604342686 +- 21.04088483020526
       - D0_int =  7e-13
ROI1  - tc_1 =  5.028 +- 0
       - alpha_1 =  0.3 +- 0
       - M01 =  584.213350133862 +- 10.888597149985875
       - D0_ext =  2.3e-12
       - tc_2 =  2.076 +- 0
       - alpha_2 =  0 +- 0
       - M02 =  306.6480280064371 +- 35.34456406229789
       - D0_int =  7e-13
