roi  - lc moda =  1.3732537305472026  +/-  None
       - sigma =  0.01668932170099201  +/-  None
       - D0 =  3e-13  +/-  None
       - lc mediana =  1.3736362809327036
       - lc media =  1.37382759608657
       - Chi cuadrado =  775.8407992594557
       - Reduced chi cuadrado =  3.9786707654331064
    - M0_1 = 1029.373870268382 +- None
    - M0_2 = 1018.1978532410383 +- None
    - M0_3 = 742.01327294317 +- None
    - M0_4 = 489.7505452444939 +- None
    - M0_5 = 311.31001922040105 +- None
    - M0_6 = 275.3126688978569 +- None
    - M0_7 = 154.03966894914163 +- None
    - M0_8 = 160.05000019743838 +- None
    - M0_9 = 96.26464468404095 +- None
    - M0_10 = 102.06846047893265 +- None
