ROI1  - l_c_mode =  1.0000000262953932 +- 99.41746610433287
      - l_c_median =  38788957.75364407 +-
      - l_c_mid =  241580658039.40625 +-
      - sigma =  4.180149057607314 +- 142.88775926666918
      - M0 =  3257.4943484197483 +- 106.09314447428075
      - D0 =  7e-13 +-
ROI1  - l_c_mode =  1.000000035164308 +- 91.05994367589275
      - l_c_median =  38755476.31520994 +-
      - l_c_mid =  241267936956.51993 +-
      - sigma =  4.180045764447738 +- 142.8300195807228
      - M0 =  3257.494293024468 +- 106.08983931320444
      - D0 =  7e-13 +-
ROI1  - l_c_mode =  1.0000000007605148 +- 4.757061967330509
      - l_c_median =  38736518.54683062 +-
      - l_c_mid =  241090933515.05286 +-
      - sigma =  4.179987242085798 +- 142.84979876111177
      - M0 =  3257.494347147778 +- 106.09556445058124
      - D0 =  7e-13 +-
