ROI1  - l_c_mode =  7.786889936874631 +- 1.5429711582925203
      - l_c_median =  11.329764101518606 +-
      - l_c_mid =  13.666247543960985 +-
      - sigma =  0.6123656684095719 +- 0.05549256964503882
      - M0 =  9999.999985743285 +- 3777.411456170206
      - D0 =  2.3e-12 +-
