ROI1  - tc_1 =  0.10000000001639844 +- 0.19185592119122463
       - alpha_1 =  0.691833981017103 +- 0.025213888412461256
       - M01 =  2257.0209766292232 +- 43.441017190059135
       - D0_ext =  2.3e-12
       - tc_2 =  2.630289073168445 +- 0.19353203183306628
       - alpha_2 =  0.0 +- 0
       - M02 =  1279.7639735222776 +- 26.80501307313645
       - C =  209.80085093523928 +- 26.96762901993077
       - D0_int =  6.5e-13
       - Chi cuadrado =  30944.010389399828
       - Reduced chi cuadrado =  401.87026479740035
