ROI1  - tc_1 =  18.260696932752285 +- 92854902592.28406
       - alpha_1 =  0.010360198537747334 +- 1295163100.3616352
       - M01 =  8511.732539438888 +- 25913778882695.562
       - D0_ext =  2.3e-12
       - tc_2 =  2.21 +- 0
       - alpha_2 =  0.0 +- 0
       - M02 =  230.30630227632687 +- 0.3024598771025345
       - D0_int =  7e-13
ROI1  - tc_1 =  7.944869025359655 +- 228.69076956027445
       - alpha_1 =  0.0 +- 0
       - M01 =  9849.553714859532 +- 1152051.5218143926
       - D0_ext =  2.3e-12
       - tc_2 =  2.21 +- 0
       - alpha_2 =  0.0 +- 0
       - M02 =  230.29373330952785 +- 0.3710596450448023
       - D0_int =  7e-13
