ROI1  - tc_1 =  4.382599935330775 +- 150663279566.13086
       - alpha_1 =  0.1328749787390095 +- 20316594.602772746
       - M01 =  2576.9220731226005 +- 675862890460234.8
       - D0_ext =  2.3e-12
       - tc_2 =  2.21 +- 0
       - alpha_2 =  0.0 +- 0
       - M02 =  441.12984818564126 +- 1.9570388322804753
       - D0_int =  7e-13
ROI1  - tc_1 =  45.321577182000745 +- 12590.873182004585
       - alpha_1 =  0.0 +- 0
       - M01 =  9995.371347883853 +- 24377389976.608124
       - D0_ext =  2.3e-12
       - tc_2 =  2.21 +- 0
       - alpha_2 =  0.0 +- 0
       - M02 =  441.50913123770283 +- 1.6512243444929198
       - D0_int =  7e-13
