ROI1  - tc_1 =  49.73658551809614 +- 5.593582712329575
       - alpha_1 =  0.043513486401320856 +- 342002.3935500005
       - M01 =  4109.90787952375 +- 24141090.2404156
       - D0_ext =  2.3e-12
       - tc_2 =  2.21 +- 0
       - alpha_2 =  0.0 +- 0
       - M02 =  2075.260177916128 +- 176.82797322595752
       - D0_int =  7e-13
ROI1  - tc_1 =  38.347869025052745 +- 183872376036.8282
       - alpha_1 =  0.0 +- 0
       - M01 =  0.004516792950215454 +- 103522383.24724518
       - D0_ext =  2.3e-12
       - tc_2 =  2.21 +- 0
       - alpha_2 =  0.0 +- 0
       - M02 =  2070.3886052892876 +- 29.24233008182032
       - D0_int =  7e-13
