ROI1  - tc_1 =  2.1965145121777607 +- 0.20957163775745802
       - tc_2 =  1.8 +- 0
       - alpha_2 =  0.0 +- 0
