ROI1  - tc_1 =  3.9316586876732305 +- 0.29759076166933607
       - tc_2 =  1.8 +- 0
       - alpha_2 =  0.0 +- 0
