ROI1  - tc_1 =  13.568863085537437 +- 1.5279513262132551
       - tc_2 =  1.8 +- 0
       - alpha_2 =  0.0 +- 0
