ROI1  - tc_1 =  1.1636512975216813 +- 0.24062639975161493
       - alpha_1 =  0.5108571055539152 +- 0.00790796691860591
       - M01 =  736.6007137589081 +- 2.8800744842359776
       - D0_ext =  2.3e-12
       - tc_2 =  1.7924232207114312 +- 0.018101154214901955
       - alpha_2 =  0.0 +- 0
       - M02 =  308.4804208384384 +- 2.90393026338643
       - D0_int =  7e-13
       - Chi cuadrado =  2331.5466744837217
       - Reduced chi cuadrado =  31.08728899311629
