ROI1  - tc_1 =  0.10000000081137644 +- 7.17998049650016
       - alpha_1 =  0.57 +- 0
       - tc_2 =  1.8 +- 0
       - alpha_2 =  0.0 +- 0
