ROI1  - tc_1 =  0.7245723023872398 +- 0.8590539337955554
       - alpha_1 =  0.57 +- 0
       - tc_2 =  1.8 +- 0
       - alpha_2 =  0.0 +- 0
