ROI1  - tc_1 =  1.3937075222405537 +- 1.9460549299520642
       - alpha_1 =  0.57 +- 0
       - tc_2 =  1.8 +- 0
       - alpha_2 =  0.0 +- 0
