ROI1  - tc_1 =  26.80391011266227 +- 5238276.584413291
       - alpha_1 =  0.57 +- 0
       - tc_2 =  1.8 +- 0
       - alpha_2 =  0.0 +- 0
