ROI1  - tc_1 =  8.451375933751708 +- 169.22263840191675
       - alpha_1 =  0.3046238214271989 +- 3.900396547909701
       - M01 =  543.7052639899687 +- 472.2269781267805
       - D0_ext =  2.3e-12
       - tc_2 =  2.21 +- 0
       - alpha_2 =  0.0 +- 0
       - M02 =  3.41687234062249e-07 +- 88.89860155414956
       - D0_int =  7e-13
