ROI1  - tc_1 =  46.47942331975975 +- 1043516999429.2094
       - alpha_1 =  0.06061141827921618 +- 86381065084.2333
       - M01 =  500.0658132593494 +- 6764728576961.747
       - D0_ext =  2.3e-12
       - tc_2 =  2.21 +- 0
       - alpha_2 =  0.0 +- 0
       - M02 =  1347.142435212339 +- 9.763448702308757
       - D0_int =  7e-13
ROI1  - tc_1 =  46.44580746747657 +- 2805891752.0701566
       - alpha_1 =  0.0 +- 0
       - M01 =  15.697232419089048 +- 1740454252.2308109
       - D0_ext =  2.3e-12
       - tc_2 =  2.21 +- 0
       - alpha_2 =  0.0 +- 0
       - M02 =  1347.1464367718377 +- 8.823965923670729
       - D0_int =  7e-13
