ROI1  - tc_1 =  49.999999999980375 +- 2.683655800447217
       - alpha_1 =  0.3 +- 0
       - M01 =  264.14760301988247 +- 18.652366169731472
       - D0_ext =  2.3e-12
       - tc_2 =  2.3273798603654727 +- 0.15246224152213303
       - alpha_2 =  0.0 +- 0
       - M02 =  153.3973167676822 +- 16.43301518668323
       - D0_int =  7e-13
       - Chi cuadrado =  157.92957387804157
       - Reduced chi cuadrado =  4.268366861568691
ROI1  - tc_1 =  77.5269304745018 +- 47.21710640595329
       - alpha_1 =  0.3 +- 0
       - M01 =  247.62169531436064 +- 18.885558690067942
       - D0_ext =  2.3e-12
       - tc_2 =  2.4548491379628343 +- 0.1357619568817959
       - alpha_2 =  0.0 +- 0
       - M02 =  167.9908088715154 +- 16.395885388427963
       - D0_int =  7e-13
       - Chi cuadrado =  155.47039820411973
       - Reduced chi cuadrado =  4.201902654165398
