ROI1  - l_c_mode =  3.8073747017095925 +- 0.2093820292373194
      - l_c_median =  5.566022645071442 +-
      - l_c_mid =  6.729838516945175 +-
      - sigma =  0.6162311535435685 +- 0.06254504583423919
      - M0 =  4615.568934036055 +- 27.012813477778767
      - D0 =  2.3e-12 +-
