ROI1  - l_c_mode =  1.6834232628481824 +- 0.007029995439197067
      - l_c_median =  1.7735440211064646 +-
      - l_c_mid =  1.8203977778222395 +-
      - sigma =  0.22836470799251118 +- 0.032240264105306934
      - M0 =  224.23167681500308 +- 7.135489622176102
      - D0 =  7e-13 +-
