ROI1  - l_c_mode =  3.546811197016776 +- 0.14510517016545432
      - l_c_median =  8.888182215629143 +-
      - l_c_mid =  14.070203823720986 +-
      - sigma =  0.9584746256328005 +- 0.08198778481189205
      - M0 =  5183.411929567904 +- 155.70488202137494
      - D0 =  2.3e-12 +-
