ROI1  - tc_1 =  1.5174145507165728 +- 0.286644897693526
       - alpha_1 =  0.5679163501877896 +- 0.012369937393624091
       - M01 =  1682.4366006630664 +- 9.438511175403042
       - D0_ext =  2.3e-12
       - tc_2 =  1.7727823798332794 +- 0.02046689988839563
       - alpha_2 =  0.0 +- 0
       - M02 =  902.7172704142849 +- 9.48472776692448
       - D0_int =  7e-13
       - Chi cuadrado =  24816.46050667942
       - Reduced chi cuadrado =  314.1324114769547
