ROI1  - tc_1 =  5.0918146216582425 +- 0.22237490474470548
       - alpha_1 =  0.3 +- 0
       - M01 =  0.8032371872033108 +- 0.01001968248668807
       - D0_ext =  2.3e-12
       - tc_2 =  1.7177177187273551 +- 0.09558813453302945
       - alpha_2 =  0.03 +- 0
       - M02 =  0.23246527732857358 +- 0.01401801255036191
       - D0_int =  7e-13
