ROI1  - l_c_mode =  1.0000000011822803 +- 19.566159202679543
      - l_c_median =  6.156987421531123 +-
      - l_c_mid =  15.277503759505047 +-
      - sigma =  1.3481793655855023 +- 1.2904219983703318
      - M0 =  730.5829946475405 +- 24.54348079703241
      - D0 =  7e-13 +-
ROI1  - l_c_mode =  0.010000000074882606 +- 0.11731024588373991
      - l_c_median =  24.849523797605904 +-
      - l_c_mid =  1238.7312795728851 +-
      - sigma =  2.796070236561422 +- 9.678856671976694
      - M0 =  721.388237782503 +- 23.097727343154776
      - D0 =  7e-13 +-
