ROI1  - tc_1 =  6.02197912917373 +- 0.36701483941921387
       - alpha_1 =  0.3 +- 0
       - M01 =  1621.267865483484 +- 28.638192804296626
       - D0_ext =  2.3e-12
       - tc_2 =  2.04712597690519 +- 0.1211280422276527
       - alpha_2 =  0 +- 0
       - M02 =  954.6846473071885 +- 77.67210430091266
       - D0_int =  7e-13
ROI1  - tc_1 =  6.021963436799522 +- 0.36700528280059125
       - alpha_1 =  0.3 +- 0
       - M01 =  1621.2680134104053 +- 28.638196962141336
       - D0_ext =  2.3e-12
       - tc_2 =  2.0471180384157117 +- 0.12112574948299408
       - alpha_2 =  0 +- 0
       - M02 =  954.6869526455943 +- 77.67336483069414
       - D0_int =  7e-13
