      - alpha_1 =  0.5406005537076249 +- 0.004663740176724034
      - M0_1 =  0.5522138768427042 +- 0.0030086111036437425
      - D0_1 =  2.3e-12 +-
      - lc_mode_2 =  1.1503759325010596 +- 0.028401128964466213
      - lc_median_2 =  1.3011604482868846 +-
      - lc_mid_2 =  1.3838097513323635 +-
      - sigma_2 =  0.35095260653800553 +- 0.01882512636578146
      - alpha_2 =  0.00042479354951652226 +- 8.279171401431642e-05
      - M0_2 =  0.4477861231572958 +- 0.0030086111068952414
      - D0_2 =  6.5e-13 +-
      - alpha_1 =  0.5558809819867296 +- 0.005833846279891944
      - M0_1 =  0.5479110384796263 +- 0.004355188211228386
      - D0_1 =  2.3e-12 +-
      - lc_mode_2 =  1.4 +- 0
      - lc_median_2 =  1.5937221202915828 +-
      - lc_mid_2 =  1.7004148260540979 +-
      - sigma_2 =  0.36 +- 0
      - alpha_2 =  0.0002603824195157034 +- 0.00024352132762289001
      - M0_2 =  0.4520889615203737 +- 0.004355188197556505
      - D0_2 =  6.5e-13 +-
      - alpha_1 =  0.556011733029844 +- 0.00603838478055696
      - M0_1 =  0.5479987304276172 +- 0.004491005926480569
      - D0_1 =  2.3e-12 +-
      - lc_mode_2 =  1.4 +- 0
      - lc_median_2 =  1.5937221202915828 +-
      - lc_mid_2 =  1.7004148260540979 +-
      - sigma_2 =  0.36 +- 0
      - alpha_2 =  0.00026201461276215143 +- 0.00024801789471417705
      - M0_2 =  0.45200126957238285 +- 0.004491005923740261
      - D0_2 =  6.5e-13 +-
