ROI1  - tc_1 =  12.501112409773414 +- 1.2981827072166237
       - tc_2 =  1.8 +- 0
       - alpha_2 =  0.0 +- 0
