ROI1  - tc_1 =  5.502556913081586 +- 0.2302970431554297
       - tc_2 =  1.8 +- 0
       - alpha_2 =  0.0 +- 0
