ROI1  - tc_1 =  3.6753590683469195 +- 0.18012908147773152
       - tc_2 =  1.8 +- 0
       - alpha_2 =  0.0 +- 0
