ROI1  - tc_1 =  0.10000000008933825 +- 0.2172379196440542
       - alpha_1 =  0.57 +- 0
       - M01 =  456.5556965044637 +- 1.546271084775793
       - D0_ext =  2.3e-12
       - tc_2 =  3.5458714278953067 +- 0.19183155945102465
       - alpha_2 =  0.0 +- 0
       - M02 =  120.41155295825334 +- 1.8386842115155364
       - C =  68.03134630725829 +- 2.9183682733713936
       - D0_int =  6.5e-13
       - Chi cuadrado =  139.31749573761397
       - Reduced chi cuadrado =  1.7635126042735945
