ROI1  - tc_1 =  0.10000000014179664 +- 1.9817897731229037
       - alpha_1 =  0.5819043974437899 +- 0.01586401149042736
       - M01 =  1145.3791340099606 +- 8.630175296051766
       - D0_ext =  2.3e-12
       - tc_2 =  1.7411897733729012 +- 0.053314186059451686
       - alpha_2 =  0.007986404800990776 +- 0.004008635125387
       - M02 =  600.1250726194273 +- 8.926942890434029
       - D0_int =  7e-13
       - Chi cuadrado =  19385.22921363315
       - Reduced chi cuadrado =  251.75622355367724
