ROI1  - tc_1 =  0.10000000006616992 +- 0.4346046127643897
       - alpha_1 =  0.57 +- 0
       - M01 =  406.4183616930478 +- 0.7565983624312898
       - D0_ext =  2.3e-12
       - tc_2 =  2.21 +- 0
       - alpha_2 =  0.0 +- 0
       - M02 =  97.2016391535907 +- 1.190207321231937
       - C =  12.443192778677577 +- 0.7675649226340372
       - D0_int =  6.5e-13
       - Chi cuadrado =  217.56231998384038
       - Reduced chi cuadrado =  2.753953417516967
