roi  - lc moda =  1.3755535888597086  +/-  None
       - sigma =  0.010305590187799127  +/-  None
       - D0 =  2e-13  +/-  None
       - lc mediana =  1.3756996875468386
       - lc media =  1.3757727427092739
       - Chi cuadrado =  19390.203373854878
       - Reduced chi cuadrado =  99.43694037874296
    - M0_1 = 974.1372758593925 +- None
    - M0_2 = 1002.3161064009558 +- None
    - M0_3 = 766.2856033701914 +- None
    - M0_4 = 524.3090610189615 +- None
    - M0_5 = 341.0768024557539 +- None
    - M0_6 = 307.607612980714 +- None
    - M0_7 = 172.61317683725852 +- None
    - M0_8 = 179.45515279387843 +- None
    - M0_9 = 108.81565116991204 +- None
    - M0_10 = 115.90354790616209 +- None
