ROI1  - tc_1 =  0.9924480468269395 +- 0.4020014740914177
       - alpha_1 =  0.5204625953398755 +- 0.019480521959987528
       - M01 =  727.7328023638013 +- 16.227934889826393
       - D0_ext =  2.3e-12
       - tc_2 =  2.461213679512088 +- 0.9374897079875467
       - alpha_2 =  0.0 +- 0
       - M02 =  255.08116099303314 +- 47.97134852506459
       - C =  62.46394121196885 +- 64.19214959828702
       - D0_int =  6.5e-13
       - Chi cuadrado =  2242.8363851146833
       - Reduced chi cuadrado =  30.30859979884707
