roi  - alpha_1 =  0.5486666977484566 +- 0.0014319848781870212
       - M01 =  631.6828079311232 +- 0.281834662091866
       - D0_ext =  2.3e-12
       - tc_2 =  2.21 +- 0
       - M02 =  191.73146314007738 +- 0.5888080595593396
       - D0_int =  1e-12
       - Chi cuadrado =  0.6935845195121146
       - Reduced chi cuadrado =  0.03853247330622859
