roi  - alpha_1 =  0.57 +- 0
       - M01 =  0.5218239111495521 +- 0.013613421544358005
       - D0_1 =  2.3e-12
       - tc_2 =  2.21 +- 0
       - alpha_2 =  0.0 +- 0
       - M02 =  0.33642865857651727 +- 0.041657158118237496
       - D0_2 =  7e-13
       - Chi cuadrado =  0.005782877925958973
       - Reduced chi cuadrado =  0.00014827892117843521
roi  - alpha_1 =  0.57 +- 0
       - M01 =  0.5226247908839614 +- 0.012295152277111143
       - D0_1 =  2.3e-12
       - tc_2 =  2.21 +- 0
       - alpha_2 =  0.0 +- 0
       - M02 =  0.3360359513064263 +- 0.03761543991198351
       - D0_2 =  7e-13
       - Chi cuadrado =  0.0045941939503536845
       - Reduced chi cuadrado =  0.00012089984079878117
