Ajuste 1 - alpha1 = 0.45
ROI1  - tc_1 =  2.23 +- 0
     - M0_1 =  2103.0514516553353 +- 1888.0349474574282
      - D0_1 =  2.3e-12
      - alpha_2 =  0 +- 0
      - tc_2 =  2.23 +- 0
      - M0_2 =  1720.6784604452741 +- 1544.7558653806755
      - D0_2 =  7e-13
      - Chi cuadrado =  12570.082548946291
      - Reduced chi cuadrado =  698.337919385905
Ajuste 2 - alpha1 = 0.5
ROI1  - tc_1 =  2.23 +- 0
     - M0_1 =  2102.9473182381366 +- 1874.274017380828
      - D0_1 =  2.3e-12
      - alpha_2 =  0 +- 0
      - tc_2 =  2.23 +- 0
      - M0_2 =  1720.593260376657 +- 1533.4969171701368
      - D0_2 =  7e-13
      - Chi cuadrado =  12569.485453658384
      - Reduced chi cuadrado =  698.3047474254658
Ajuste 3 - alpha1 = 0.55
ROI1  - tc_1 =  2.23 +- 0
     - M0_1 =  2102.81666564575 +- 1857.4131587577974
      - D0_1 =  2.3e-12
      - alpha_2 =  0 +- 0
      - tc_2 =  2.23 +- 0
      - M0_2 =  1720.486362801068 +- 1519.7016753446417
      - D0_2 =  7e-13
      - Chi cuadrado =  12568.749694231961
      - Reduced chi cuadrado =  698.2638719017756
