ROI1  - tc_1 =  0.10000000013952295 +- 236.2847551068066
       - alpha_1 =  0.6022398580820175 +- 0.05459678060818563
       - M01 =  1622.4189757152185 +- 114.68201022295929
       - D0_ext =  2.3e-12
       - tc_2 =  1.000000003861009 +- 1.3522234349869724
       - alpha_2 =  0.09086283668340905 +- 0.0901469471193534
       - M02 =  317.9483713687972 +- 226.69315348286378
       - D0_int =  7e-13
       - Chi cuadrado =  5233.533595809619
       - Reduced chi cuadrado =  149.52953130884626
ROI1  - tc_1 =  0.10037072140313329 +- 376710.23699754884
       - alpha_1 =  0.3 +- 0
       - M01 =  0.9999999977524922 +- 3790.7420123205998
       - D0_ext =  2.3e-12
       - tc_2 =  9.999998112535886 +- 106364.56149744045
       - alpha_2 =  0.0 +- 0
       - M02 =  0.999999890518219 +- 1084144.5463545385
       - D0_int =  7e-13
       - Chi cuadrado =  3129176.550978136
       - Reduced chi cuadrado =  84572.3392156253
ROI1  - tc_1 =  5.028064131580893 +- 0.2128318055782543
       - alpha_1 =  0.3 +- 0
       - M01 =  2222.935463963625 +- 26.944865952640217
       - D0_ext =  2.3e-12
       - tc_2 =  2.0755458509871456 +- 0.08252897820877633
       - alpha_2 =  0.0 +- 0
       - M02 =  1334.0216086241119 +- 65.0490740456918
       - D0_int =  7e-13
       - Chi cuadrado =  12427.38064186208
       - Reduced chi cuadrado =  335.87515248275895
ROI1  - tc_1 =  5.028913677148362 +- 0.2128031099975577
       - alpha_1 =  0.3 +- 0
       - M01 =  2222.868397304789 +- 26.933337132675078
       - D0_ext =  2.3e-12
       - tc_2 =  2.045794162932226 +- 0.08300303181265066
       - alpha_2 =  0.003 +- 0
       - M02 =  1227.433771173651 +- 54.48138925457069
       - D0_int =  7e-13
       - Chi cuadrado =  12416.154875443637
       - Reduced chi cuadrado =  335.5717533903686
