roi  - alpha_1 =  0.5021502440483621 +- 0.00876397849779681
       - M01 =  909.5018540284128 +- 18.444764155812575
       - D0_ext =  2.3e-12
       - tc_2 =  1.7546906132322944 +- 0.008706600711260738
       - alpha_2 =  0.0 +- 0
       - M02 =  324.7548461272831 +- 1.8685020095558824
       - D0_int =  6.5e-13
       - Chi cuadrado =  160.96691872509467
       - Reduced chi cuadrado =  4.350457262840396
