ROI1  - l_c_mode =  6.2599371086200035 +- 0.0464450781605422
      - l_c_median =  17.40859055297616 +-
      - l_c_mid =  29.030895420828834 +-
      - sigma =  1.0113326138376895 +- 0.052844197456562714
      - M0 =  1866.8831368249084 +- 19.052971128815717
      - D0 =  2.3e-12 +-
