ROI1  - l_c_mode =  55.9834089305377 +- 3789788754885.7373
      - l_c_median =  55.99005909261822 +-
      - l_c_mid =  55.99338446988763 +-
      - sigma =  0.010898671147813512 +- 27753859003.47032
      - M0 =  1698.3488393288226 +- 26.512744904062075
      - D0 =  7e-13 +-
