ROI1  - tc_1 =  1.6175619948269586 +- 0.1399508257084177
       - alpha_1 =  0.57 +- 0
       - M01 =  1657.1240401905923 +- 8.25262994677523
       - D0_ext =  2.3e-12
       - tc_2 =  2.21 +- 0
       - alpha_2 =  0.0 +- 0
       - M02 =  827.0851271109481 +- 11.500933071109403
       - C =  100.87203357303902 +- 5.956041107795878
       - D0_int =  6.5e-13
       - Chi cuadrado =  23176.462327379795
       - Reduced chi cuadrado =  289.70577909224744
