ROI1  - tc_1 =  0.8 +- 0
       - alpha_1 =  0.59 +- 0
       - M01 =  0.8051085226329358 +- 0.030759709462385956
       - D0_ext =  2.3e-12
       - tc_2 =  2.1 +- 0
       - alpha_2 =  0.0 +- 0
       - M02 =  0.5016911967309357 +- 0.02522600256532287
       - D0_int =  7e-13
ROI1  - tc_1 =  3.14 +- 0
       - alpha_1 =  0.45 +- 0
       - M01 =  0.9733562245861638 +- 0.03593550330787474
       - D0_ext =  2.3e-12
       - tc_2 =  2.1 +- 0
       - alpha_2 =  0.0 +- 0
       - M02 =  0.3589610774279439 +- 0.029622956199404544
       - D0_int =  7e-13
