ROI1  - tc_1 =  0.3620035862945792 +- 0.3432863746594603
       - alpha_1 =  0.6342474393980239 +- 0.015301896209744174
       - M01 =  2421.1966697596067 +- 18.9740615777111
       - D0_ext =  2.3e-12
       - tc_2 =  1.691284079094198 +- 0.026492185015246243
       - alpha_2 =  0.0 +- 0
       - M02 =  1314.046461292982 +- 19.801116828678598
       - D0_int =  7e-13
       - Chi cuadrado =  45381.85652699758
       - Reduced chi cuadrado =  581.8186734230459
