roi  - alpha_1 =  0.4908224127962207 +- 0.00222037986431195
       - M01 =  352.2381176621359 +- 1.857543944093637
       - D0_ext =  2.3e-12
       - tc_2 =  2.167 +- 0
       - M02 =  103.26535915481521 +- 0.1616501264590905
       - D0_int =  6.5e-13
       - Chi cuadrado =  0.7814562849270063
       - Reduced chi cuadrado =  0.04596801676041213
