ROI1  - tc_1 =  18.457102472711195 +- 0.7821586325292698
       - alpha_1 =  0.3 +- 0
       - M01 =  419.3184759825075 +- 5.651316833884128
       - D0_ext =  2.3e-12
       - tc_2 =  2.0478360367253843 +- 0.06272651628816377
       - alpha_2 =  0.0 +- 0
       - M02 =  121.5512574006794 +- 5.245753212561872
       - D0_int =  7e-13
       - Chi cuadrado =  17.85707300436286
       - Reduced chi cuadrado =  0.46992297379902265
ROI1  - tc_1 =  18.45709929125736 +- 0.782161666830016
       - alpha_1 =  0.3 +- 0
       - M01 =  419.31849771462635 +- 5.65131914368404
       - D0_ext =  2.3e-12
       - tc_2 =  2.0478357910621194 +- 0.06272649924248516
       - alpha_2 =  0.0 +- 0
       - M02 =  121.55123681082958 +- 5.245751922946137
       - D0_int =  7e-13
       - Chi cuadrado =  17.857073004350188
       - Reduced chi cuadrado =  0.46992297379868914
