roi  - alpha_1 =  0.32 +- 0
       - M01 =  384.8131222412093 +- 10.653175328265498
       - D0_ext =  2.3e-12
       - tc_2 =  2.2 +- 0
       - M02 =  156.825659949871 +- 3.2752979428401665
       - D0_int =  6.5e-13
       - Chi cuadrado =  816.8664121232167
       - Reduced chi cuadrado =  42.99296905911667
roi  - alpha_1 =  0.5184836589074959 +- 0.005371809723126506
       - M01 =  570.183822540033 +- 3.939393845160523
       - D0_ext =  2.3e-12
       - tc_2 =  3.204575540038407 +- 0.17163005328007286
       - M02 =  204.09306375330172 +- 4.2031888529592365
       - D0_int =  6.5e-13
       - Chi cuadrado =  1.1533648541199573
       - Reduced chi cuadrado =  0.06784499141882101
roi  - alpha_1 =  0.49532804899227434 +- 0.0026550817901742465
       - M01 =  556.3825233406111 +- 3.568430030526466
       - D0_ext =  2.3e-12
       - tc_2 =  2.2 +- 0
       - M02 =  182.33287077485087 +- 0.29876874510715845
       - D0_int =  6.5e-13
       - Chi cuadrado =  2.7747850893309964
       - Reduced chi cuadrado =  0.15415472718505535
