ROI1  - tc_1 =  12.231961500817635 +- 2.898787949209236
       - alpha_1 =  0.0 +- 0
       - M01 =  3965.062808803769 +- 196.06874179692582
       - D0_ext =  2.3e-12
       - tc_2 =  2.163074516953922 +- 0.7717934815332868
       - alpha_2 =  0.0 +- 0
       - M02 =  930.5395736482685 +- 163.1775165166967
       - D0_int =  7e-13
