ROI1  - tc_1 =  4.079999999999999 +- None
       - alpha_1 =  0.4 +- None
       - M01 =  0.7000000000000001 +- None
       - D0_ext =  2.3e-12
       - tc_2 =  2.08 +- None
       - alpha_2 =  0.03 +- None
       - M02 =  0.2 +- None
       - D0_int =  7e-13
