ROI1  - l_c_mode =  2.14 +- 0
      - l_c_median =  2.3415329671291505 +-
      - l_c_mid =  2.4493087185118134 +-
      - sigma =  0.3 +- 0
      - M0 =  3470.852965296712 +- 11.420184360243773
      - D0 =  1e-12 +- 0
      - Chi cuadrado =  827.4658092398802
      - Reduced chi cuadrado =  41.37329046199401
ROI1  - l_c_mode =  1.1816152961687567 +- 21.57451113163343
      - l_c_median =  1.1934965330414942 +-
      - l_c_mid =  1.1994818767287865 +-
      - sigma =  0.1000243194057084 +- 2768.7104236970604
      - M0 =  1001.9096483190515 +- 2108.575015423222
      - D0 =  2.7134906852094086e-13 +- 1.3031668993448376e-12
      - Chi cuadrado =  226.54362009274556
      - Reduced chi cuadrado =  13.326095299573268
ROI1  - l_c_mode =  1.9373789434218733 +- 0.036571851517952905
      - l_c_median =  2.013597811682266 +-
      - l_c_mid =  2.052824433567961 +-
      - sigma =  0.19643594017057867 +- 0.031919568565350206
      - M0 =  2549.1208712437938 +- 146.10811283762197
      - D0 =  1e-12 +- 0
      - Chi cuadrado =  237.95307447220551
      - Reduced chi cuadrado =  13.219615248455861
