ROI1  - tc_1 =  0.10000000046771006 +- 0.07500877692933838
       - alpha_1 =  0.57 +- 0
       - M01 =  1025.0309566256394 +- 1.4837265130650859
       - D0_ext =  2.3e-12
       - tc_2 =  2.21 +- 0
       - alpha_2 =  0.0 +- 0
       - M02 =  295.7996072611585 +- 2.0053826477032275
       - C =  51.976195028377084 +- 1.1566484401406452
       - D0_int =  6.5e-13
       - Chi cuadrado =  785.2793985548525
       - Reduced chi cuadrado =  9.940245551327246
