ROI1  - l_c_mode =  1.0000000313277229 +- 7.103503968567096
      - l_c_median =  15.483965210465282 +-
      - l_c_mid =  60.928891019321405 +-
      - sigma =  1.6552356190523938 +- 2.9840766433764947
      - M0 =  539.7109311038676 +- 21.011608599233824
      - D0 =  7e-13 +-
