ROI1  - l_c_mode =  6.7873453282471825 +- 2599106297.874572
      - l_c_median =  6.788320848845526 +-
      - l_c_mid =  6.788808661721457 +-
      - sigma =  0.011988163160518123 +- 370044720.9416304
      - M0 =  2780.8729672219883 +- 6.90287489252306
      - D0 =  2.3e-12 +-
