ROI1  - tc_1 =  1.6181265091080206 +- 0.17153014362797236
       - tc_2 =  1.8 +- 0
       - alpha_2 =  0.0 +- 0
