ROI1  - tc_1 =  6.350739198105749 +- 1.072391049907547
       - tc_2 =  1.8 +- 0
       - alpha_2 =  0.0 +- 0
