ROI1  - tc_1 =  0.5002678581440297 +- 0.24242846292721862
       - tc_2 =  1.8 +- 0
       - alpha_2 =  0.0 +- 0
