ROI1  - l_c_mode =  5.595124737133579 +- 0.049483346114426625
      - l_c_median =  8.771851219768456 +-
      - l_c_mid =  10.983278572399971 +-
      - sigma =  0.6705611334486035 +- 0.01152240426798216
      - M0 =  1791.150714304915 +- 1.5576392177834923
      - D0 =  2.3e-12 +-
