roi  - alpha_1 =  0.5752717663454607 +- 0.006006831207962433
       - M01 =  2356.0620925760127 +- 4.760027228222174
       - D0_ext =  2.3e-12
       - tc_2 =  2.21 +- 0
       - M02 =  1318.5038506071512 +- 11.126980851545724
       - D0_int =  1e-12
       - Chi cuadrado =  101.0506749169908
       - Reduced chi cuadrado =  5.613926384277267
