ROI1  - tc_1 =  4.395720740276081 +- 0.26914968330138767
       - alpha_1 =  0.57 +- 0
       - M01 =  2230.943166647121 +- 15.662958863011275
       - D0_ext =  2.3e-12
       - tc_2 =  1.935138699430751 +- 0.014787177184363912
       - alpha_2 =  0.0 +- 0
       - M02 =  1466.193817483789 +- 17.098368052029887
       - D0_int =  7e-13
       - Chi cuadrado =  527.5197440311664
       - Reduced chi cuadrado =  13.882098527135957
