ROI1  - tc_1 =  1.0692393645930713 +- 0.10682417614535478
       - alpha_1 =  0.57 +- 0
       - M01 =  2464.2537273378903 +- 17.036256431733406
       - D0_ext =  2.3e-12
       - tc_2 =  1.7195353623435508 +- 0.025419125881002955
       - alpha_2 =  0.0 +- 0
       - M02 =  1260.5931620786248 +- 16.19385424021633
       - D0_int =  6.5e-13
       - Chi cuadrado =  52240.99262734142
       - Reduced chi cuadrado =  661.278387687866
