ROI1  - tc_1 =  5.732363528750559 +- 0.11267908016951102
       - alpha_1 =  0.3 +- 0
       - M01 =  2776 +- 0
       - D0_ext =  2.3e-12
       - tc_2 =  2.1749508465129908 +- 0.024039841712594382
       - alpha_2 =  0.0 +- 0
       - M02 =  932 +- 0
       - D0_int =  7e-13
