ROI1  - tc_1 =  0.10000000079398634 +- 1.2520434800998859
       - alpha_1 =  0.5613647265649152 +- 0.00762219898520218
       - M01 =  2378.1439105374207 +- 22.122834690472487
       - D0_ext =  2.3e-12
       - tc_2 =  2.344572161291201 +- 0.16539846834524005
       - alpha_2 =  0.0 +- 0
       - M02 =  1011.5160412370983 +- 13.014588545392792
       - C =  208.2475729207891 +- 33.431676146554075
       - D0_int =  6.5e-13
       - Chi cuadrado =  4160.382732847479
       - Reduced chi cuadrado =  53.33824016471127
