ROI1  - tc_1 =  2.189620235052756 +- 2.4394819607301454
       - tc_2 =  1.8 +- 0
       - alpha_2 =  0.0 +- 0
