ROI1  - tc_1 =  1.3708822244942664 +- 0.41535750451062314
       - tc_2 =  1.8 +- 0
       - alpha_2 =  0.0 +- 0
