ROI1  - tc_1 =  1.6047861895329045 +- 0.8375235925021101
       - tc_2 =  1.8 +- 0
       - alpha_2 =  0.0 +- 0
