ROI1  - l_c_mode =  7.188812207311747 +- 0.05847342186934936
      - l_c_median =  10.83011703473932 +-
      - l_c_mid =  13.292943393569633 +-
      - sigma =  0.6401600659620449 +- 0.015532044561904079
      - M0 =  712.4404585023294 +- 0.8770229022980163
      - D0 =  2.3e-12 +-
