roi  - alpha_1 =  0.44497210357636074 +- 0.024487598162872375
       - M01 =  576.4928118738083 +- 32.84842183574333
       - D0_ext =  2.3e-12
       - tc_2 =  1.8473438573879162 +- 0.021766441042056623
       - alpha_2 =  0.0 +- 0
       - M02 =  301.97196612632536 +- 4.296451679109782
       - D0_int =  6.5e-13
       - Chi cuadrado =  697.9771365700346
       - Reduced chi cuadrado =  19.388253793612073
