ROI1  - M0 =  1200.0 +- None
      - l_c_mode =  8.7 +- None
      - l_c_median =  8.73137644371213 +-
      - l_c_mid =  8.74710707463137 +-
      - sigma =  0.060000000000000005 +- None
      - D0 =  2.3e-12 +-
