ROI1  - l_c_mode =  0.5792338080397292 +- 22.711315401958267
      - l_c_median =  0.6716253678269193 +-
      - l_c_mid =  0.723208773333265 +-
      - sigma =  0.38470051613374606 +- 33.86716510601206
      - alpha =  0.27448558647290605 +- 0.27448558647290605
      - M0 =  640.7796775258084 +- 3919.3405622471414
      - D0 =  7e-13 +-
