ROI1  - l_c_mode =  1.6440238473574205 +- 2.883735465394686
      - l_c_median =  1.6955837321274987 +-
      - l_c_mid =  1.7219669246694838 +-
      - sigma =  0.17572781242861282 +- 0.9315890578895388
      - alpha =  0.11177852391185172 +- 0.11177852391185172
      - M0 =  430.53189120617026 +- 2172.3820045917096
      - D0 =  7e-13 +-
