ROI1  - l_c_mode =  4.110794605666516 +- 1225.7062460753937
      - l_c_median =  6.371213889571353 +-
      - l_c_mid =  7.931775047604242 +-
      - sigma =  0.6619468788412667 +- 2297.824100452287
      - M0 =  1814.8945394970733 +- 92.06845689920549
      - D0 =  2.3e-12 +-
