ROI1  - alpha_1 =  0.59 +- 0
      - M0_1 =  2355.50088420635 +- 18.953948489558456
      - D0_1 =  2.3e-12 +-
      - tc_mode_2 =  1.5076923076923077
      - lc_mode_2 =  1.4 +- 0
      - tc_median_2 =  1.9538078436205373
      - lc_median_2 =  1.5937221202915828 +-
      - tc_mid_2 =  2.2241619851266066
      - lc_mid_2 =  1.7004148260540979 +-
      - sigma_2 =  0.36 +- 0
      - alpha_2 =  0.008497106787078101 +- 0.0038041441267955512
      - M0_2 =  1340.4114037777936 +- 13.927410417815068
      - D0_2 =  6.5e-13 +-
       - Chi cuadrado =  91343.1587144855
       - Reduced chi cuadrado =  1141.7894839310688
ROI1  - alpha_1 =  0.59 +- 0
      - M0_1 =  2330.7092323290863 +- 20.007161062587517
      - D0_1 =  2.3e-12 +-
      - tc_mode_2 =  1.6173076923076926
      - lc_mode_2 =  1.45 +- 0
      - tc_median_2 =  2.0958576485776432
      - lc_median_2 =  1.6506407674448538 +-
      - tc_mid_2 =  2.385867639657495
      - lc_mid_2 =  1.7611439269846014 +-
      - sigma_2 =  0.36 +- 0
      - alpha_2 =  5.88418203051333e-15 +- 7.959706454938959e-05
      - M0_2 =  1362.2435363447162 +- 14.730423940789713
      - D0_2 =  6.5e-13 +-
       - Chi cuadrado =  100705.75347871435
       - Reduced chi cuadrado =  1258.8219184839295
ROI1  - alpha_1 =  0.59 +- 0
      - M0_1 =  2307.6001470364154 +- 15.632627441803688
      - D0_1 =  2.3e-12 +-
      - tc_mode_2 =  1.6173076923076926
      - lc_mode_2 =  1.45 +- 0
      - tc_median_2 =  2.0958576485776432
      - lc_median_2 =  1.6506407674448538 +-
      - tc_mid_2 =  2.385867639657495
      - lc_mid_2 =  1.7611439269846014 +-
      - sigma_2 =  0.36 +- 0
      - alpha_2 =  0.0072 +- 0
      - M0_2 =  1381.3999023264882 +- 10.394941526915279
      - D0_2 =  6.5e-13 +-
       - Chi cuadrado =  105494.75088341732
       - Reduced chi cuadrado =  1302.404331894041
ROI1  - alpha_1 =  0.59 +- 0
      - M0_1 =  2359.7347473484024 +- 14.241874792896922
      - D0_1 =  2.3e-12 +-
      - tc_mode_2 =  1.5076923076923077
      - lc_mode_2 =  1.4 +- 0
      - tc_median_2 =  1.9538078436205373
      - lc_median_2 =  1.5937221202915828 +-
      - tc_mid_2 =  2.2241619851266066
      - lc_mid_2 =  1.7004148260540979 +-
      - sigma_2 =  0.36 +- 0
      - alpha_2 =  0.0072 +- 0
      - M0_2 =  1336.9132301728503 +- 9.365479438048688
      - D0_2 =  6.5e-13 +-
       - Chi cuadrado =  91483.5946616073
       - Reduced chi cuadrado =  1129.4270945877445
