roi  - alpha_1 =  0.41229710833468647 +- 0.02959849087903043
       - M01 =  1034.2394119318465 +- 81.67970207494317
       - D0_ext =  2.3e-12
       - tc_2 =  1.7922310918217788 +- 0.018065444009663565
       - alpha_2 =  0.0 +- 0
       - M02 =  849.3773621934108 +- 11.111052920574096
       - D0_int =  6.5e-13
       - Chi cuadrado =  3474.660420627198
       - Reduced chi cuadrado =  91.43843212176837
