ROI1  - tc_1 =  9.711849285522742 +- 9.610216857596706
       - alpha_1 =  0.0 +- 0
       - M01 =  0.5887095808499871 +- 0.21592649943038483
       - D0_1 =  1.6394220567794871e-12 +- 7.140342773300508e-13
       - tc_2 =  1.8641695368316729 +- 0.05822226839122396
       - alpha_2 =  0.0 +- 0
       - M02 =  0.4538389127152206 +- 0.015105141489130438
       - D0_2 =  7e-13
       - alpha_3 =  1.0 +- 0
       - M0_3 =  0.2561358052630297 +- 0.033477862945592726
       - D0_3 =  2.3e-12
ROI1  - tc_1 =  9.711695856985624 +- 9.60447072634428
       - alpha_1 =  0.0 +- 0
       - M01 =  0.5887129781178742 +- 0.21587616999337286
       - D0_1 =  1.6394333487882492e-12 +- 7.139105991185514e-13
       - tc_2 =  1.864169888033027 +- 0.05822270660319937
       - alpha_2 =  0.0 +- 0
       - M02 =  0.4538389380804665 +- 0.01510514571879374
       - D0_2 =  7e-13
       - alpha_3 =  1.0 +- 0
       - M0_3 =  0.2561362851991381 +- 0.033476935312830476
       - D0_3 =  2.3e-12
ROI1  - tc_1 =  9.717528185272856 +- 0.653569096990046
       - alpha_1 =  0.0 +- 0
       - M01 =  0.5885822251350369 +- 0.012952627800044029
       - D0_1 =  1.639e-12 +- 0
       - tc_2 =  1.8641543536873666 +- 0.05109758205222831
       - alpha_2 =  0.0 +- 0
       - M02 =  0.45383799312222717 +- 0.014815095238551682
       - D0_2 =  7e-13
       - alpha_3 =  1.0 +- 0
       - M0_3 =  0.2561192576668002 +- 0.018646445489182484
       - D0_3 =  2.3e-12
