ROI1  - tc_1 =  1.8282066574090652 +- 0.1548535989252506
       - tc_2 =  1.8 +- 0
       - alpha_2 =  0.0 +- 0
