ROI1  - tc_1 =  2.778739672256321 +- 0.2097593118936356
       - tc_2 =  1.8 +- 0
       - alpha_2 =  0.0 +- 0
