ROI1  - tc_1 =  5.889911494161987 +- 0.575765273695677
       - tc_2 =  1.8 +- 0
       - alpha_2 =  0.0 +- 0
