ROI1  - tc_1 =  1.1341071488733812 +- 0.07261559361559797
       - alpha_1 =  0.5366524723025337 +- 0.0020261846787571853
       - M01 =  408.16458292424306 +- 0.36206391225129275
       - D0_ext =  2.3e-12
       - tc_2 =  2.21 +- 0
       - alpha_2 =  0.0 +- 0
       - M02 =  88.40967784029041 +- 0.7039376333045836
       - C =  16.191249313545498 +- 0.39938832460035445
       - D0_int =  6.5e-13
       - Chi cuadrado =  44.52932529204676
       - Reduced chi cuadrado =  0.5708887857954712
