ROI1  - l_c_mode =  2.259336935702283 +- 48.45111576528617
      - l_c_median =  123.35554483714803 +-
      - l_c_mid =  911.4807743419072 +-
      - sigma =  1.9999998537687722 +- 95.89340005871753
      - M0 =  2263.059978218311 +- 129.06631461886556
      - D0 =  7e-13 +-
ROI1  - l_c_mode =  1.000000002774615 +- 25.682301700225064
      - l_c_median =  1745.1004967865379 +-
      - l_c_mid =  72900.52612162048 +-
      - sigma =  2.7321360547171296 +- 54.18444173539923
      - M0 =  2260.694301917445 +- 131.23203141484495
      - D0 =  7e-13 +-
