ROI1  - tc_1 =  4.128780906195907 +- 24.83804039156089
       - alpha_1 =  0.3390763106431778 +- 0.13460814649827427
       - M01 =  664.3561743762826 +- 183.94803443092144
       - D0_ext =  2.3e-12
       - tc_2 =  2.21 +- 0
       - alpha_2 =  0.0 +- 0
       - M02 =  1.920783532227688e-06 +- 497.7809685230762
       - D0_int =  7e-13
