ROI1  - tc_1 =  6.687395577842499 +- 0.5006048599033737
       - alpha_1 =  0.27196978460050647 +- 0.02189650753907669
       - M01 =  0.7923 +- 0
       - D0_ext =  2.3e-12
       - tc_2 =  1.7405445748912758 +- 0.20083711089870196
       - alpha_2 =  0.010343484040854167 +- 0.003455440950182554
       - M02 =  0.1556 +- 0
       - D0_int =  7e-13
ROI1  - tc_1 =  6.2401730493906555 +- 0.4346527323655672
       - alpha_1 =  0.3 +- 0
       - M01 =  0.7712241664960531 +- 0.017381850380702005
       - D0_ext =  2.3e-12
       - tc_2 =  1.385547275604309 +- 0.265159728517162
       - alpha_2 =  0.03 +- 0
       - M02 =  0.07706172903082736 +- 0.018415651891009084
       - D0_int =  7e-13
