roi  - alpha_1 =  0.3 +- 0
       - M01 =  287.4686984721661 +- 8.950104642725544
       - D0_ext =  2.3e-12
       - tc_2 =  1.93 +- 0
       - M02 =  147.38586950347658 +- 3.018781947602032
       - D0_int =  6.5e-13
       - Chi cuadrado =  655.7163852886105
       - Reduced chi cuadrado =  34.51138869940055
roi  - alpha_1 =  0.523115100108261 +- 0.00485193308420538
       - M01 =  426.65053879697405 +- 2.3933845616764864
       - D0_ext =  2.3e-12
       - tc_2 =  2.980513641721675 +- 0.16924574951180635
       - M02 =  189.69892466872167 +- 3.2128543250094226
       - D0_int =  6.5e-13
       - Chi cuadrado =  0.5652019940543154
       - Reduced chi cuadrado =  0.03324717612084208
roi  - alpha_1 =  0.5018606749891774 +- 0.0024503127614151393
       - M01 =  417.9803246941996 +- 2.2842131429816317
       - D0_ext =  2.3e-12
       - tc_2 =  1.93 +- 0
       - M02 =  172.49519544736302 +- 0.2152158899502878
       - D0_int =  6.5e-13
       - Chi cuadrado =  1.4106882126811195
       - Reduced chi cuadrado =  0.0783715673711733
