ROI1  - l_c_mode =  2.14 +- 0
      - l_c_median =  2.3415329671291505 +-
      - l_c_mid =  2.4493087185118134 +-
      - sigma =  0.3 +- 0
      - M0 =  735.060009992756 +- 1.478820842232386
      - D0 =  1e-12 +- 0
      - Chi cuadrado =  22.702594197634884
      - Reduced chi cuadrado =  1.261255233201938
ROI1  - l_c_mode =  3.8465389735361777 +- 0.7992244624929747
      - l_c_median =  5.626057320029502 +-
      - l_c_mid =  6.80410740251706 +-
      - sigma =  0.6166320802220131 +- 0.088506969966517
      - M0 =  4158.817375148191 +- 2301.827412449152
      - D0 =  1e-12 +- 0
      - Chi cuadrado =  3.5765110743703876
      - Reduced chi cuadrado =  0.22353194214814923
