roi  - alpha_1 =  0.9999999999714781 +- 0.35266656943877966
       - M01 =  959.7766551652054 +- 354.3146058970182
       - D0_ext =  2.3e-12
       - tc_2 =  2.21 +- 0
       - M02 =  864.6784463343338 +- 396.38072077110326
       - D0_int =  1e-12
       - Chi cuadrado =  6344.548664330333
       - Reduced chi cuadrado =  373.2087449606078
