ROI1  - tc_1 =  0.10000000075486831 +- 2368.195677658221
       - alpha_1 =  0.57 +- 0
       - M01 =  2430.304343947745 +- 4037.7643033969994
       - D0_ext =  2.3e-12
       - tc_2 =  1.6400018808602632 +- 0.019868944662441844
       - alpha_2 =  0.0 +- 0
       - M02 =  1256.045196544217 +- 14.790689168200336
       - D0_int =  7e-13
       - Chi cuadrado =  9574.736934816046
       - Reduced chi cuadrado =  258.7766739139472
ROI1  - tc_1 =  0.10000000605297654 +- 0.9524832106164678
       - alpha_1 =  0.2667842346932323 +- 0.03664014167041814
       - M01 =  821.1796391576293 +- 104.99402178193601
       - D0_ext =  2.3e-12
       - tc_2 =  1.5525935767386767 +- 0.03366523791782105
       - alpha_2 =  0.0 +- 0
       - M02 =  1135.7803110105358 +- 35.72352497974972
       - D0_int =  7e-13
       - Chi cuadrado =  6404.41068045027
       - Reduced chi cuadrado =  177.90029667917418
