ROI1  - l_c_mode =  3.9353369344600733 +- 0.17318701098557396
      - l_c_median =  9.118168167900373 +-
      - l_c_mid =  13.879391805626067 +-
      - sigma =  0.9166637452758706 +- 0.07123644421382902
      - M0 =  3234.8725408094756 +- 49.926916989049595
      - D0 =  2.3e-12 +-
