ROI1  - tc_1 =  0.10000000011371708 +- 2.280291598877978
       - alpha_1 =  0.524576323891394 +- 0.010528681861538963
       - M01 =  291.73071633255944 +- 1.559054452129856
       - D0_ext =  2.3e-12
       - tc_2 =  3.7676292300384415 +- 0.11951807561454846
       - alpha_2 =  0.0 +- 0
       - M02 =  54.916968188895574 +- 1.6234196029703727
       - C =  50 +- 0
       - D0_int =  6.5e-13
       - Chi cuadrado =  556.1941623048972
       - Reduced chi cuadrado =  7.130694388524323
