ROI1  - tc_1 =  0.10000000031562008 +- 0.13089099512372862
       - alpha_1 =  0.5518811135707501 +- 0.0045855132611855335
       - M01 =  631.8746078666198 +- 3.158115281980382
       - D0_ext =  2.3e-12
       - tc_2 =  2.765914429150472 +- 0.3292716531211022
       - alpha_2 =  0.0 +- 0
       - M02 =  146.1005952326988 +- 7.365560153240665
       - C =  43.29020691086775 +- 10.50453973405718
       - D0_int =  6.5e-13
       - Chi cuadrado =  98.19097098671645
       - Reduced chi cuadrado =  1.2588586023938007
