ROI1  - l_c_mode =  3.207666516145552 +- 0.5487653031818202
      - l_c_median =  3.3848325205915963 +-
      - l_c_mid =  3.477051890784292 +-
      - sigma =  0.23186353190913808 +- 0.07798459885593138
      - M0 =  9694.400950100196 +- 7159.992416250096
      - D0 =  2.3e-12 +-
