ROI1  - l_c_mode =  6.389074326749133 +- 0.08890942287328926
      - l_c_median =  11.311834612869353 +-
      - l_c_mid =  15.0515283158539 +-
      - sigma =  0.7558175000898173 +- 0.021374386579644775
      - M0 =  578.1402255144712 +- 0.8299130928076973
      - D0 =  2.3e-12 +-
