ROI1  - tc_1 =  21.88543199934066 +- 1.2178610546445543
       - alpha_1 =  0.3 +- 0
       - M01 =  451.6001242118944 +- 7.059338447238836
       - D0_ext =  2.3e-12
       - tc_2 =  2.1687724376561466 +- 0.03963483910938786
       - alpha_2 =  0.0 +- 0
       - M02 =  223.488430629058 +- 6.395809217129694
       - D0_int =  7e-13
       - Chi cuadrado =  29.914092936978225
       - Reduced chi cuadrado =  0.7872129720257428
