roi  - alpha_1 =  0.54738519597091 +- 0.0033102292252553886
       - M01 =  306.65621346631644 +- 0.43089799182951277
       - D0_ext =  2.3e-12
       - tc_2 =  2.21 +- 0
       - M02 =  105.99919929089097 +- 0.5713250955571679
       - D0_int =  1e-12
       - Chi cuadrado =  1.0832368624669935
       - Reduced chi cuadrado =  0.060179825692610746
