Ajuste 1 - alpha1 = 0.45
ROI1  - tc_1 =  2.23 +- 0
     - M0_1 =  1897.3989702367494 +- 39.000888999485056
      - D0_1 =  2.3e-12
      - alpha_2 =  0 +- 0
      - tc_2 =  2.23 +- 0
      - M0_2 =  1552.417339284613 +- 31.909818378400665
      - D0_2 =  7e-13
      - Chi cuadrado =  222.51105843495162
      - Reduced chi cuadrado =  12.361725468608423
Ajuste 2 - alpha1 = 0.5
ROI1  - tc_1 =  2.23 +- 0
     - M0_1 =  1897.3747490918001 +- 38.90387822617233
      - D0_1 =  2.3e-12
      - alpha_2 =  0 +- 0
      - tc_2 =  2.23 +- 0
      - M0_2 =  1552.3975219842 +- 31.83044583587166
      - D0_2 =  7e-13
      - Chi cuadrado =  222.51053854897367
      - Reduced chi cuadrado =  12.361696586054093
Ajuste 3 - alpha1 = 0.55
ROI1  - tc_1 =  2.23 +- 0
     - M0_1 =  1896.9416090699883 +- 37.380931555676895
      - D0_1 =  2.3e-12
      - alpha_2 =  0 +- 0
      - tc_2 =  2.23 +- 0
      - M0_2 =  1552.0431346936266 +- 30.584398494384807
      - D0_2 =  7e-13
      - Chi cuadrado =  222.50769060954875
      - Reduced chi cuadrado =  12.361538367197152
