ROI1  - tc_1 =  4.166844508593147 +- 0.33197198570380615
       - alpha_1 =  0.3 +- 0
       - M01 =  309.05875122428927 +- 4.37826852132881
       - D0_ext =  2.3e-12
       - tc_2 =  1.1753263590250733 +- 0.14207521025669043
       - alpha_2 =  0.0 +- 0
       - M02 =  77.79427267091243 +- 4.226296341090567
       - D0_int =  7e-13
       - Chi cuadrado =  5899.1481414920245
       - Reduced chi cuadrado =  74.67276128470917
