roi  - alpha_1 =  0.5536495739125863 +- 0.001162216026737614
       - M01 =  1013.8465803034336 +- 0.3614952115265937
       - D0_ext =  2.3e-12
       - tc_2 =  2.21 +- 0
       - M02 =  356.9206958611315 +- 0.8483141210867831
       - D0_int =  1e-12
       - Chi cuadrado =  0.9480691200206965
       - Reduced chi cuadrado =  0.052670506667816475
