ROI1  - tc_1 =  0.10000004819373003 +- 63.94265867241305
       - alpha_1 =  0.4549583371839553 +- 0.0219520183375915
       - M01 =  943.7647120975606 +- 3886.9398978179074
       - D0_ext =  2.3e-12
       - tc_2 =  1.7594794740664592 +- 0.018206328405013465
       - alpha_2 =  0.0 +- 0
       - M02 =  560.6786149574073 +- 7.658177916573883
       - D0_int =  7e-13
       - Chi cuadrado =  1556.0533923242367
       - Reduced chi cuadrado =  42.05549708984424
