ROI1  - tc_1 =  0.10000083212095755 +- 6.871162088596845
       - alpha_1 =  0.5674939499556284 +- 0.046096399153916515
       - M01 =  776.8323578853373 +- 47.884332430945335
       - D0_ext =  2.3e-12
       - tc_2 =  1.0000001132446528 +- 3.0237186782175347
       - alpha_2 =  0.058664731016168536 +- 0.04915613123610209
       - M02 =  92.68646589469492 +- 58.58584581419399
       - D0_int =  7e-13
       - Chi cuadrado =  778.187902771697
       - Reduced chi cuadrado =  23.581451599142333
