roi  - alpha_1 =  0.3 +- 0
       - M01 =  180.3485154417281 +- 5.5821132669488795
       - D0_ext =  2.3e-12
       - tc_2 =  2.2 +- 0
       - M02 =  88.52957202251599 +- 1.7672892631205088
       - D0_int =  6.5e-13
       - Chi cuadrado =  242.2998800370696
       - Reduced chi cuadrado =  12.752625265108927
roi  - alpha_1 =  0.5055007416394869 +- 0.006035070413028309
       - M01 =  273.04310684462706 +- 2.269971652955146
       - D0_ext =  2.3e-12
       - tc_2 =  3.0668361500632626 +- 0.2726553940551599
       - M02 =  109.8059729244158 +- 2.6548314255263024
       - D0_int =  6.5e-13
       - Chi cuadrado =  0.41969087514987546
       - Reduced chi cuadrado =  0.02468769853822797
roi  - alpha_1 =  0.4913428098068957 +- 0.0025013659921146515
       - M01 =  268.54270962051953 +- 1.6323901273003116
       - D0_ext =  2.3e-12
       - tc_2 =  2.2 +- 0
       - M02 =  102.32713045287916 +- 0.13255509565896562
       - D0_int =  6.5e-13
       - Chi cuadrado =  0.5993561249794123
       - Reduced chi cuadrado =  0.03329756249885624
