ROI1  - l_c_mode =  4.677499626843673 +- 0.13698312186482256
      - l_c_median =  12.367805269319685 +-
      - l_c_mid =  20.11092642920181 +-
      - sigma =  0.9860694943122579 +- 0.07295768020584999
      - M0 =  2217.739287581393 +- 38.02602145587175
      - D0 =  2.3e-12 +-
