ROI1  - tc_1 =  1.079778870937839 +- 0.11853073882946806
       - alpha_1 =  0.57 +- 0
       - M01 =  2460.0486222993923 +- 27.912042626000375
       - D0_ext =  2.3e-12
       - tc_2 =  1.749407625684243 +- 0.15810755122514109
       - alpha_2 =  0.0 +- 0
       - M02 =  1250.6323289049071 +- 53.180174043812286
       - C =  14.150512534750645 +- 72.09492679492762
       - D0_int =  6.5e-13
       - Chi cuadrado =  52211.58935580049
       - Reduced chi cuadrado =  669.3793507153908
