ROI1  - l_c_mode =  1.0000000000716462 +- 0.7171678198131721
      - l_c_median =  5.576339018839539 +-
      - l_c_mid =  13.168119341032867 +-
      - sigma =  1.3109280953533506 +- 1.2521620010007772
      - M0 =  1278.7586831721746 +- 43.27177682010963
      - D0 =  7e-13 +-
