ROI1  - tc_1 =  3.5644687550427854 +- 0.10505743104022675
       - alpha_1 =  0.3 +- 0
       - M01 =  0.7943445964417604 +- 0.00651125698774475
       - D0_ext =  2.3e-12
       - tc_2 =  2.1248595938552213 +- 0.07580839884423315
       - alpha_2 =  0.03 +- 0
       - M02 =  0.3283837818355805 +- 0.008973321897151072
       - D0_int =  7e-13
