ROI1  - l_c_mode =  1.0000000009454473 +- 2.7647030203032945
      - l_c_median =  10.35062305406351 +-
      - l_c_mid =  33.30042214945736 +-
      - sigma =  1.5287402380438342 +- 2.348710481860862
      - M0 =  914.660535526742 +- 36.08683072223176
      - D0 =  7e-13 +-
