ROI1  - tc_1 =  9.999976051983937 +- 8.577608106801438
       - alpha_1 =  0.0679776296012995 +- 0.5777184278967635
       - M01 =  0.9532084410965314 +- 0.44348329041634854
       - D0_ext =  2.3e-12
       - tc_2 =  1.9443382005173966 +- 14.800172321594433
       - alpha_2 =  1.4093084255151211e-08 +- 0.5515033884471392
       - M02 =  0.32832773213531397 +- 28.983481183706587
       - D0_int =  7e-13
       - Chi cuadrado =  0.0030026816616758726
       - Reduced chi cuadrado =  9.099035338411735e-05
ROI1  - tc_1 =  11.106574213650068 +- 11.134962020557703
       - alpha_1 =  7.650483684334963e-05 +- 0.6880916621676857
       - M01 =  1.004556111787458 +- 0.5189198556394717
       - D0_ext =  2.3e-12
       - tc_2 =  1.9518539190062838 +- 14.755936664307125
       - alpha_2 =  1.0214439405409337e-08 +- 0.24956754214049265
       - M02 =  0.3285403170150136 +- 28.621593317587187
       - D0_int =  7e-13
       - Chi cuadrado =  0.0029969282281652305
       - Reduced chi cuadrado =  9.08160069140979e-05
ROI1  - tc_1 =  0.10000000150374017 +- 0.9007301380961298
       - alpha_1 =  0.6 +- 0
       - M01 =  0.5677799918899222 +- 0.02304825857962443
       - D0_ext =  2.3e-12
       - tc_2 =  1.9042309009983382 +- 0.24471192494146737
       - alpha_2 =  0.0 +- 0
       - M02 =  0.3259564792920643 +- 0.06280375502374026
       - D0_int =  7e-13
       - Chi cuadrado =  0.0038456326132213212
       - Reduced chi cuadrado =  0.00010987521752060918
