roi  - alpha_1 =  0.3330447852831159 +- 0.6587153304151337
       - M01 =  2538.2206491210372 +- 4501.505479690049
       - D0_ext =  2.3e-12
       - tc_2 =  2.21 +- 0
       - M02 =  9.530006783720069e-06 +- 5304.885419090262
       - D0_int =  1e-12
       - Chi cuadrado =  7324.0539174095165
       - Reduced chi cuadrado =  406.8918843005287
