ROI1  - l_c_mode =  97.25282810542791 +- 30961.012034178693
      - l_c_median =  7002667556869.93 +-
      - l_c_mid =  1.879075127993095e+18 +-
      - sigma =  4.999999820909298 +- 305.54970207635654
      - M0 =  961.3380340492859 +- 35.71575030954653
      - D0 =  7e-13 +-
