ROI1  - tc_1 =  0.10000001251231025 +- 1.5508199393023419
       - alpha_1 =  0.57 +- 0
       - M01 =  2385.252332504186 +- 4.641629805142525
       - D0_ext =  2.3e-12
       - tc_2 =  2.21 +- 0
       - alpha_2 =  0.0 +- 0
       - M02 =  1051.7953901411197 +- 6.551901958416961
       - C =  169.7271838428857 +- 3.267118273089952
       - D0_int =  6.5e-13
       - Chi cuadrado =  5629.98464296461
       - Reduced chi cuadrado =  70.37480803705763
