ROI1  - tc_1 =  5.079597927550604 +- 0.22207640760738606
       - alpha_1 =  0.3 +- 0
       - M01 =  0.8035758654295801 +- 0.010054334293607739
       - D0_ext =  2.3e-12
       - tc_2 =  2.020582768467347 +- 0.08897195634663765
       - alpha_2 =  0.0 +- 0
       - M02 =  0.4573830752452421 +- 0.025041545318524087
       - D0_int =  7e-13
       - Chi cuadrado =  0.001743038465118692
       - Reduced chi cuadrado =  4.710914770591059e-05
ROI1  - tc_1 =  5.0795878315754255 +- 0.22207258336656288
       - alpha_1 =  0.3 +- 0
       - M01 =  0.8035757750041737 +- 0.01005433148192751
       - D0_ext =  2.3e-12
       - tc_2 =  2.0205825073789048 +- 0.08897304299534958
       - alpha_2 =  0.0 +- 0
       - M02 =  0.4573828425947419 +- 0.025041400891919738
       - D0_int =  7e-13
       - Chi cuadrado =  0.0017430384652249516
       - Reduced chi cuadrado =  4.7109147708782474e-05
ROI1  - tc_1 =  5.080465454183133 +- 0.2221071277552138
       - alpha_1 =  0.3 +- 0
       - M01 =  0.8035519369881117 +- 0.010047757443415956
       - D0_ext =  2.3e-12
       - tc_2 =  1.9905981716725778 +- 0.08955958825115738
       - alpha_2 =  0.003 +- 0
       - M02 =  0.41789578498541147 +- 0.02062511132295674
       - D0_int =  7e-13
       - Chi cuadrado =  0.0017420441634744951
       - Reduced chi cuadrado =  4.7082274688499866e-05
ROI1  - tc_1 =  5.091813733328248 +- 0.2223745686504499
       - alpha_1 =  0.3 +- 0
       - M01 =  0.8032371829919116 +- 0.010015318568206016
       - D0_ext =  2.3e-12
       - tc_2 =  1.7177175763389254 +- 0.09558818964508532
       - alpha_2 =  0.03 +- 0
       - M02 =  0.232465251815972 +- 0.014006718440649064
       - D0_int =  7e-13
       - Chi cuadrado =  0.001728740229999955
       - Reduced chi cuadrado =  4.67227089189177e-05
