ROI1  - tc_1 =  1.8865137043133229 +- 0.16661630628267518
       - alpha_1 =  0.53 +- 0
       - M01 =  0.6368902994557186 +- 0.009174477450337008
       - D0_ext =  2.3e-12
       - tc_2 =  1.9401852094242298 +- 0.07214884582140497
       - alpha_2 =  0.0 +- 0
       - M02 =  0.455565985037996 +- 0.020871306257413673
       - D0_int =  7e-13
       - Chi cuadrado =  0.0011050060454239803
       - Reduced chi cuadrado =  2.986502825470217e-05
ROI1  - tc_1 =  1.6172093506230387 +- 0.19048500353554212
       - alpha_1 =  0.53 +- 0
       - M01 =  0.6189199411893664 +- 0.009798816830645877
       - D0_ext =  2.3e-12
       - tc_2 =  2.056745970295828 +- 0.09809946205085644
       - alpha_2 =  0.0 +- 0
       - M02 =  0.38108005881063356 +- 0.009798816851839434
       - D0_int =  7e-13
       - Chi cuadrado =  0.0016018762507268207
       - Reduced chi cuadrado =  4.21546381770216e-05
ROI1  - tc_1 =  0.10000000001408237 +- 0.4754525518582155
       - alpha_1 =  0.56 +- 0
       - M01 =  0.5839149318322802 +- 0.013380409461444713
       - D0_ext =  2.3e-12
       - tc_2 =  1.5 +- 0
       - alpha_2 =  0.0 +- 0
       - M02 =  0.4160850768687304 +- 0.013380409462161177
       - D0_int =  7e-13
       - Chi cuadrado =  0.003145365129532132
       - Reduced chi cuadrado =  8.065038793672134e-05
ROI1  - tc_1 =  0.10000000001544773 +- 0.006984898980262622
       - alpha_1 =  0.56 +- 0
       - M01 =  0.582392663347263 +- 0.011545101458482247
       - D0_ext =  2.3e-12
       - tc_2 =  1.6 +- 0
       - alpha_2 =  0.0 +- 0
       - M02 =  0.4176073453310639 +- 0.011545101446911876
       - D0_int =  7e-13
       - Chi cuadrado =  0.0024146645403174205
       - Reduced chi cuadrado =  6.191447539275437e-05
