ROI1  - tc_1 =  0.9688121180139747 +- 0.09433976674507309
       - alpha_1 =  0.5434579040131893 +- 0.002947924943074269
       - M01 =  467.86156476418483 +- 0.6294761863777096
       - D0_ext =  2.3e-12
       - tc_2 =  1.8216234627908725 +- 0.007672193247498939
       - alpha_2 =  0.0 +- 0
       - M02 =  175.48647175074817 +- 0.6315555907883685
       - D0_int =  7e-13
       - Chi cuadrado =  126.45380921332985
       - Reduced chi cuadrado =  1.6006811292826564
