ROI1 - lc_mode_1 = 4.985810806858008 +- 0.5726024196779271
    - sigma_1 = 0.7722978275079608 +- 0.10572289963222033
    - D0_1 = 2.0540048583915445e-12 +- 1.7880266112115104e-13
ROI1 - lc_mode_2 = 1.0000000047118494 +- 0.6220419939906102
    - sigma_2 = 1.7796704430026071 +- 0.22149511644105593
    - D0_2 = 1.559971801223351e-12 +- 5.4924320541984385e-14
    - M0 = 1692.7439317781514 +- 72.02854005307347
ROI1 - lc_mode_1 = 6.337596856661437 +- 0.6693369778240688
    - sigma_1 = 0.503682880015048 +- 0.19060183880460912
    - D0_1 = 2.3e-12 +- 0
ROI1 - lc_mode_2 = 4.859738749594379 +- 0.039204292421662214
    - sigma_2 = 0.2580406425932482 +- 0.07545235989704029
    - D0_2 = 2.3e-12 +- 0
    - M0 = 1829.7880200235484 +- 32.35125445579027
