roi  - alpha_1 =  0.4686376821173628 +- 0.021831524838198772
       - M01 =  2006.183892469451 +- 117.60983709826976
       - D0_ext =  2.3e-12
       - tc_2 =  1.677459196800573 +- 0.017715511857915922
       - alpha_2 =  0.0 +- 0
       - M02 =  1109.263916666161 +- 13.256155602768418
       - D0_int =  6.5e-13
       - Chi cuadrado =  4422.614474809519
       - Reduced chi cuadrado =  116.38459144235577
