ROI1  - tc_1 =  2.8083525764943165 +- 34.070148113961025
       - alpha_1 =  0.3 +- 0
       - M01 =  2644.5333404281246 +- 5482.81774439764
       - D0_ext =  2.3e-12
       - tc_2 =  2.0 +- 0
       - alpha_2 =  0.0 +- 0
       - M02 =  3.574598395061912e-05 +- 7022.275483332941
       - D0_int =  7e-13
