      - alpha_1 =  0.57 +- 0.04979275667931765
      - M0_1 =  0.56 +- 0.056007473520294414
      - D0_1 =  2.3e-12 +-
      - lc_mode_2 =  1.7 +- 137.47056038890958
      - lc_median_2 =  1.792351152625588 +-
      - lc_mid_2 =  1.8403913717888398 +-
      - sigma_2 =  0.23000000000000007 +- 33.940745582118204
      - alpha_2 =  0.0 +- 2.1763154421075013e-14
      - M0_2 =  0.43999999999999995 +- 0.05600747338616613
      - D0_2 =  6.5e-13 +-
      - alpha_1 =  0.6401050384381275 +- 0.01280186021531163
      - M0_1 =  0.5546058340565388 +- 0.008100587437602436
      - D0_1 =  2.3e-12 +-
      - lc_mode_2 =  1.4 +- 0
      - lc_median_2 =  1.5937221202915828 +-
      - lc_mid_2 =  1.7004148260540979 +-
      - sigma_2 =  0.36 +- 0
      - alpha_2 =  1.9873547252302615e-11 +- 0.04583362695864518
      - M0_2 =  0.44539416594346115 +- 0.008100587439494478
      - D0_2 =  6.5e-13 +-
      - alpha_1 =  0.57 +- 0
      - M0_1 =  0.563341858220921 +- 0.012403916297360845
      - D0_1 =  2.3e-12 +-
      - lc_mode_2 =  1.610689783260886 +- 9445143862.6252
      - lc_median_2 =  1.628114814856529 +-
      - lc_mid_2 =  1.6368978950963229 +-
      - sigma_2 =  0.10373170266696141 +- 934092360.6441325
      - alpha_2 =  1.6338153052686266e-11 +- 0.01000239649160886
      - M0_2 =  0.436658141779079 +- 0.012403916330546546
      - D0_2 =  6.5e-13 +-
      - alpha_1 =  0.6403856330209203 +- 0.012720932777379583
      - M0_1 =  0.5547646784308408 +- 0.008047645981936928
      - D0_1 =  2.3e-12 +-
      - lc_mode_2 =  1.4 +- 0
      - lc_median_2 =  1.5937221202915828 +-
      - lc_mid_2 =  1.7004148260540979 +-
      - sigma_2 =  0.36 +- 0
      - alpha_2 =  8.603728840483882e-12 +- 0.0015628471443216952
      - M0_2 =  0.44523532156915924 +- 0.008047645958846668
      - D0_2 =  6.5e-13 +-
