ROI1  - tc_1 =  1.6772684720520092 +- 51.91475727960573
       - alpha_1 =  0.5451432013211526 +- 1.0432401818307777
       - tc_2 =  3.652068060699354 +- 2.200116889624807
       - alpha_2 =  0.0 +- 0
ROI1  - tc_1 =  1.6772684720520092 +- 51.91475727960573
       - alpha_1 =  0.5451432013211526 +- 1.0432401818307777
       - tc_2 =  3.652068060699354 +- 2.200116889624807
       - alpha_2 =  0.0 +- 0
