ROI1  - tc_1 =  3.4365084604039784 +- 934.853646667337
       - alpha_1 =  0.5871195235008068 +- 32.25003677246392
       - tc_2 =  14.999999792521107 +- 2318471.2626021127
       - alpha_2 =  0.0 +- 0
ROI1  - tc_1 =  3.4365084604039784 +- 934.853646667337
       - alpha_1 =  0.5871195235008068 +- 32.25003677246392
       - tc_2 =  14.999999792521107 +- 2318471.2626021127
       - alpha_2 =  0.0 +- 0
