ROI1  - lc_1 =  2.9 +- None
       - sigma_1 =  0.37 +- None
       - alpha_1 =  0.4 +- None
       - M01 =  0.7000000000000001 +- None
       - D0_ext =  2.3e-12
       - lc_2 =  1.7146428199482249 +- None
       - sigma_2 =  0.001 +- None
       - alpha_2 =  0.0 +- None
       - M02 =  0.4 +- None
       - D0_int =  7e-13
