ROI1  - tc_1 =  1.0675003263547849 +- 50.4001627900583
       - alpha_1 =  0.3422003479695925 +- 2.436314291122934
       - M01 =  3616.585051717708 +- 23811.278194139697
       - D0_ext =  2.3e-12
       - tc_2 =  2.21 +- 0
       - alpha_2 =  0.0 +- 0
       - M02 =  0.001630632147087141 +- 25542.524884512066
       - D0_int =  7e-13
