ROI1  - l_c_mode =  1.7036212147230618 +- 0.027067814611094983
      - l_c_median =  1.7276822194499835 +-
      - l_c_mid =  1.7398398575489222 +-
      - sigma =  0.11842567636006152 +- 0.05232840942716013
      - M0 =  769.9413699523102 +- 38.641152697543596
      - D0 =  7e-13 +-
