ROI1  - tc_1 =  0.10000000431066741 +- 2.906992250045692
       - alpha_1 =  0.57 +- 0
       - M01 =  1149.2671759132388 +- 16.982798269009027
       - D0_ext =  2.3e-12
       - tc_2 =  1.9183837471746237 +- 0.5122798627572375
       - alpha_2 =  0.0 +- 0
       - M02 =  588.7271785992426 +- 121.45100138026375
       - C =  3.190227068117693 +- 134.1043937399256
       - D0_int =  6.5e-13
       - Chi cuadrado =  20368.238502406617
       - Reduced chi cuadrado =  261.1312628513669
