ROI1  - l_c_mode =  1.6919675310797397 +- 0.039063550472841026
      - l_c_median =  1.9343013867570988 +-
      - l_c_mid =  2.068188897619741 +-
      - sigma =  0.36586083354825616 +- 0.13205233790764478
      - M0 =  156.28625028665192 +- 26.935889190888723
      - D0 =  7e-13 +-
