ROI1  - l_c_mode =  1.6 +- 89.10498040039373
      - l_c_median =  1.6160802673346688 +-
      - l_c_mid =  1.6241809033851502 +-
      - sigma =  0.10000000000000002 +- 46.43379692837755
      - alpha =  2.410242418473866e-12 +- 2.410242418473866e-12
      - M0 =  100.0 +- 3941.7747635863943
      - D0 =  7e-13 +-
