roi  - alpha_1 =  0.57 +- 0
       - M01 =  0.5134019551358923 +- 0.017498771256204908
       - D0_1 =  2.3e-12
       - tc_2 =  2.21 +- 0
       - alpha_2 =  0.0 +- 0
       - M02 =  0.27658186495976034 +- 0.06898354460323683
       - D0_2 =  7e-13
       - Chi cuadrado =  0.00541861651825996
       - Reduced chi cuadrado =  0.00015481761480742743
