ROI1  - tc_1 =  4.9 +- 0
       - alpha_1 =  0.51 +- 0
       - M01 =  1849.1930129604223 +- 23.184648375790943
       - D0_ext =  2.3e-12
       - tc_2 =  2.1 +- 0
       - alpha_2 =  0.0 +- 0
       - M02 =  943.7725320468987 +- 8.987481706241816
       - D0_int =  7e-13
ROI1  - tc_1 =  4.9 +- 0
       - alpha_1 =  0.31 +- 0
       - M01 =  2108.242516717516 +- 47.21113504947471
       - D0_ext =  2.3e-12
       - tc_2 =  2.1 +- 0
       - alpha_2 =  0.0 +- 0
       - M02 =  707.0053129101939 +- 21.106979742700943
       - D0_int =  7e-13
