ROI1  - l_c_mode =  99.96631542727954 +- 1112080416.472648
      - l_c_median =  100.97099390978882 +-
      - l_c_mid =  101.47711327857046 +-
      - sigma =  0.10000001533492044 +- 3245084.4154664967
      - M0 =  780.8526405606572 +- 10.395371584665744
      - D0 =  7e-13 +-
