ROI1  - tc_1 =  4.9 +- 0
       - alpha_1 =  0.51 +- 0
       - M01 =  3077.7405977825715 +- 90.36137896023668
       - D0_ext =  2.3e-12
       - tc_2 =  2.1 +- 0
       - alpha_2 =  0.0 +- 0
       - M02 =  945.7898836207302 +- 5.461633296420473
       - D0_int =  7e-13
ROI1  - tc_1 =  4.9 +- 0
       - alpha_1 =  0.31 +- 0
       - M01 =  2515.147901774214 +- 46.655355944512976
       - D0_ext =  2.3e-12
       - tc_2 =  2.1 +- 0
       - alpha_2 =  0.0 +- 0
       - M02 =  912.6990400809692 +- 3.9431979863267763
       - D0_int =  7e-13
