ROI1  - tc_1 =  0.5224674681506324 +- 0.09217144535501252
       - alpha_1 =  0.5509484123006313 +- 0.0023174119883845367
       - M01 =  1029.028412962077 +- 1.170977847145606
       - D0_ext =  2.3e-12
       - tc_2 =  2.152057637189585 +- 0.009002739293272565
       - alpha_2 =  0.0 +- 0
       - M02 =  288.3769444286649 +- 1.20061090957189
       - C =  50 +- 0
       - D0_int =  6.5e-13
       - Chi cuadrado =  374.06652506790664
       - Reduced chi cuadrado =  4.795724680357777
