ROI1  - tc_1 =  1.2885171540511893 +- 0.1165433436873506
       - alpha_1 =  0.57 +- 0
       - M01 =  2386.5198033414954 +- 16.37414174393773
       - D0_ext =  2.3e-12
       - tc_2 =  2.21 +- 0
       - alpha_2 =  0.0 +- 0
       - M02 =  1177.02619475633 +- 23.71423062503269
       - C =  161.92995456435975 +- 9.953918603912271
       - D0_int =  6.5e-13
       - Chi cuadrado =  58304.3878244419
       - Reduced chi cuadrado =  738.0302256258469
