ROI1  - tc_1 =  0.4465286535754376 +- 0.04138570883375369
       - alpha_1 =  0.5443770540157467 +- 0.0020240441245540646
       - M01 =  2446.9613482201057 +- 2.947716268640893
       - D0_ext =  2.3e-12
       - tc_2 =  1.5084294074004494 +- 0.007980698871383541
       - alpha_2 =  0.01678573785590054 +- 0.0008832412505959403
       - M02 =  1150.8054910326555 +- 3.1248712162665018
       - D0_int =  7e-13
       - Chi cuadrado =  1475.641215574751
       - Reduced chi cuadrado =  18.918477122753217
