roi  - alpha_1 =  0.37 +- 0
       - M01 =  689.0612672824082 +- 13.288308514054654
       - D0_ext =  2.3e-12
       - tc_2 =  1.87 +- 0
       - M02 =  299.9981230885454 +- 3.5806396934051814
       - D0_int =  6.5e-13
       - Chi cuadrado =  1097.652812595702
       - Reduced chi cuadrado =  57.77120066293168
roi  - alpha_1 =  0.5193216781709827 +- 0.0037569959109325824
       - M01 =  919.7350548519167 +- 4.110301991478285
       - D0_ext =  2.3e-12
       - tc_2 =  2.6151637059616926 +- 0.10240215122344448
       - M02 =  360.67918400253194 +- 5.0462414857285625
       - D0_int =  6.5e-13
       - Chi cuadrado =  1.4397090844238587
       - Reduced chi cuadrado =  0.08468876967199168
roi  - alpha_1 =  0.49867639790497936 +- 0.002117051995039609
       - M01 =  901.5293365793531 +- 4.429744957658758
       - D0_ext =  2.3e-12
       - tc_2 =  1.87 +- 0
       - M02 =  327.8116872227832 +- 0.4011770406142187
       - D0_int =  6.5e-13
       - Chi cuadrado =  4.652442706114201
       - Reduced chi cuadrado =  0.2584690392285667
