      - alpha_1 =  0.57 +- 0.0726706641596549
      - M0_1 =  0.56 +- 0.05439262432615587
      - D0_1 =  2.3e-12 +-
      - lc_mode_2 =  1.7 +- 136.67319158236006
      - lc_median_2 =  1.792351152625588 +-
      - lc_mid_2 =  1.8403913717888398 +-
      - sigma_2 =  0.23000000000000007 +- 33.7397241840735
      - alpha_2 =  0.0 +- 1.606955066475244e-14
      - M0_2 =  0.43999999999999995 +- 0.054392624195894815
      - D0_2 =  6.5e-13 +-
      - alpha_1 =  0.5769551602651817 +- 0.032944943121892736
      - M0_1 =  0.5128791908380226 +- 0.0221993921164925
      - D0_1 =  2.3e-12 +-
      - lc_mode_2 =  1.4 +- 0
      - lc_median_2 =  1.5937221202915828 +-
      - lc_mid_2 =  1.7004148260540979 +-
      - sigma_2 =  0.36 +- 0
      - alpha_2 =  8.664902129140728e-12 +- 0.0013902754724039411
      - M0_2 =  0.4871208091619774 +- 0.022199392041430444
      - D0_2 =  6.5e-13 +-
      - alpha_1 =  0.5938430623767923 +- 0.018644498967950927
      - M0_1 =  0.523451381643799 +- 0.012436827464294269
      - D0_1 =  2.3e-12 +-
      - lc_mode_2 =  1.4 +- 0
      - lc_median_2 =  1.5937221202915828 +-
      - lc_mid_2 =  1.7004148260540979 +-
      - sigma_2 =  0.36 +- 0
      - alpha_2 =  1.3899770223702035e-11 +- 0.014351648433953342
      - M0_2 =  0.476548618356201 +- 0.012436827435494536
      - D0_2 =  6.5e-13 +-
