ROI1  - tc_1 =  1.412011276025552 +- 0.14953996101057296
       - alpha_1 =  0.58 +- 0
       - M01 =  1679.4433585457314 +- 9.057037140307514
       - D0_ext =  2.3e-12
       - tc_2 =  1.782502868803888 +- 0.018477560057058407
       - alpha_2 =  0.0 +- 0
       - M02 =  908.9631520455998 +- 7.6910862307087
       - D0_int =  7e-13
       - Chi cuadrado =  25182.57272992221
       - Reduced chi cuadrado =  314.7821591240276
