ROI1  - l_c_mode =  0.361157294726991 +- 24.820582909088284
      - l_c_median =  187.08410791607892 +-
      - l_c_mid =  4258.014641670317 +-
      - sigma =  2.4999999973541027 +- 3.1060720554994887
      - M0 =  422.6671575996006 +- 21.42021711284455
      - D0 =  2.3e-12 +-
ROI1  - l_c_mode =  0.3611573145900535 +- 24.820865518464856
      - l_c_median =  187.08411552190574 +-
      - l_c_mid =  4258.014784240114 +-
      - sigma =  2.499999994485346 +- 4.884331235163051
      - M0 =  422.6671576888348 +- 21.42043776215776
      - D0 =  2.3e-12 +-
ROI1  - l_c_mode =  17.277339667553584 +- 6960.611077192458
      - l_c_median =  212.92884096136336 +-
      - l_c_mid =  747.5036186811536 +-
      - sigma =  1.5847909113819856 +- 9255.467739729078
      - M0 =  463.92986938566537 +- 44.4869124223795
      - D0 =  2.3e-12 +-
