ROI1  - tc_1 =  0.8 +- 0
       - alpha_1 =  0.59 +- 0
       - M01 =  1.400933207862387 +- 0.016498910842686836
       - D0_ext =  2.3e-12
       - tc_2 =  2.1 +- 0
       - alpha_2 =  0.0 +- 0
       - M02 =  0.8550846622701336 +- 0.007486835194298503
       - D0_int =  7e-13
