ROI1  - tc_1 =  0.1000000001170854 +- 0.13129666866787054
       - alpha_1 =  0.5213275195613238 +- 0.013002706996005045
       - M01 =  295.7235134735703 +- 3.3422355332967255
       - D0_ext =  2.3e-12
       - tc_2 =  2.22505782752971 +- 1.4272765129896954
       - alpha_2 =  0.0 +- 0
       - M02 =  76.05707775614479 +- 47.132938440519844
       - C =  24.936712602677655 +- 50.23701903431301
       - D0_int =  6.5e-13
       - Chi cuadrado =  524.6800051338436
       - Reduced chi cuadrado =  6.814026040699267
