ROI1  - l_c_mode =  99.99998749163711 +- 378898.2088198992
      - l_c_median =  141.38131701597072 +-
      - l_c_mid =  168.1078762296882 +-
      - sigma =  0.5884645743189144 +- 973.9445947893669
      - M0 =  730.44257005291 +- 10.643365825159027
      - D0 =  7e-13 +-
ROI1  - l_c_mode =  999.9989536075503 +- 2964395.3312906753
      - l_c_median =  2592.6446210573895 +-
      - l_c_mid =  4174.5985130725985 +-
      - sigma =  0.9760530161619301 +- 1847.0951447540751
      - M0 =  730.4123262370267 +- 11.188437917495904
      - D0 =  7e-13 +-
