ROI1  - tc_1 =  41.68661676526043 +- 1428.3601878238514
       - alpha_1 =  0.043632342638907695 +- 26135431674.07147
       - M01 =  717.044048402799 +- 8541143910729.6455
       - D0_ext =  2.3e-12
       - tc_2 =  2.21 +- 0
       - alpha_2 =  0.0 +- 0
       - M02 =  519.458371689297 +- 6.300895521102321
       - D0_int =  7e-13
ROI1  - tc_1 =  47.47760889261994 +- 9868119903.93175
       - alpha_1 =  0.0 +- 0
       - M01 =  113.9304635934657 +- 9769557198.42933
       - D0_ext =  2.3e-12
       - tc_2 =  2.21 +- 0
       - alpha_2 =  0.0 +- 0
       - M02 =  519.4567680794987 +- 3.197904730975889
       - D0_int =  7e-13
