ROI1  - lc_mode_1 =  9.773420952994867 +- 6521.926739265049
      - lc_median_1 =  9.78765077840945 +-
      - lc_mid_1 =  9.794773458566707 +-
      - sigma_1 =  0.03814332068339954 +- 38.530290440863595
      - alpha_1 =  0.004646281259139851 +- 39.23777882529336
      - M0_1 =  0.5952128689880923 +- 6.325480641838522
      - D0_1 =  2.3e-12 +-
      - lc_mode_2 =  9.241059447755957 +- 8361.508001661312
      - lc_median_2 =  77.04660583600607 +-
      - lc_mid_2 =  28.261443412216334 +-
      - sigma_2 =  1.4562808696882552 +- 3874.7992603682487
      - alpha_2 =  0.1693334161550747 +- 157.71507686708713
      - M0_2 =  0.206068166923714 +- 9.9568512248605
      - D0_2 =  7e-13 +-
ROI1  - lc_mode_1 =  7.888550865696911 +- None
      - lc_median_1 =  7.889043952754711 +-
      - lc_mid_1 =  7.889290507841451 +-
      - sigma_1 =  0.007905992541615503 +- None
      - alpha_1 =  0.08133759304657218 +- None
      - M0_1 =  0.9084561191591979 +- None
      - D0_1 =  2.3e-12 +-
      - lc_mode_2 =  0.8981789591416348 +- None
      - lc_median_2 =  1.1863009423198363 +-
      - lc_mid_2 =  9.06651480094321 +-
      - sigma_2 =  0.5274712866169686 +- None
      - alpha_2 =  0.0 +- None
      - M0_2 =  0.9999999574312062 +- None
      - D0_2 =  7e-13 +-
