roi  - alpha_1 =  0.603354223204665 +- 0.20917590134794478
       - M01 =  634.4743334159853 +- 154.02287833791743
       - D0_ext =  2.3e-12
       - tc_2 =  2.21 +- 0
       - M02 =  410.188574086785 +- 164.61187896553147
       - D0_int =  1e-12
       - Chi cuadrado =  279.36946725056526
       - Reduced chi cuadrado =  17.46059170316033
