ROI1  - lc_mode_1 =  0.10000001918863075 +- 11.986848161582442
      - alpha_1 =  0.5981660635506605 +- 0.05812377840554118
      - M0_1 =  0.5614085386275839 +- 0.04114623276172951
      - D0_1 =  2.3e-12 +-
      - lc_mode_2 =  1.7 +- 0
      - lc_median_2 =  1.792351152625588 +-
      - lc_mid_2 =  1.8403913717888398 +-
      - sigma_2 =  0.23 +- 0
      - alpha_2 =  0.0 +- 0
      - M0_2 =  0.6176454553957321 +- 0.026116400967457615
      - D0_2 =  1e-12 +-
ROI1  - lc_mode_1 =  0.10000002718003596 +- 9.4650138600417
      - alpha_1 =  0.5960214775638535 +- 0.08618323910734214
      - M0_1 =  0.56446437165798 +- 0.06410731341693428
      - D0_1 =  2.3e-12 +-
      - lc_mode_2 =  1.021326511922005 +- 0.17799963028314553
      - lc_median_2 =  1.132284686601262 +-
      - lc_mid_2 =  1.1922055737934203 +-
      - sigma_2 =  0.32114662357364565 +- 0.23398583803643852
      - alpha_2 =  0.001943083798527978 +- 0.001693916110712115
      - M0_2 =  0.43553562834202 +- 0.06410731341618825
      - D0_2 =  6.5e-13 +-
