ROI1  - tc_1 =  0.6933535961979627 +- 0.08239020965011758
       - alpha_1 =  0.5372145185537207 +- 0.005583668237801189
       - M01 =  0.6 +- 0
       - D0_ext =  2.3e-12
       - tc_2 =  2.2339448435899376 +- 0.049540472484431365
       - alpha_2 =  0.0 +- 0
       - M02 =  0.4 +- 0
       - D0_int =  7e-13
ROI1  - tc_1 =  0.69 +- 0
       - alpha_1 =  0.537 +- 0
       - M01 =  0.5959449983517011 +- 0.0023862642642256023
       - D0_ext =  2.3e-12
       - tc_2 =  2.23 +- 0
       - alpha_2 =  0.0 +- 0
       - M02 =  0.4191762825126759 +- 0.005618762901275892
       - D0_int =  7e-13
