ROI1  - tc_1 =  3.1136850457439165 +- 0.21585617136074003
       - alpha_1 =  0.34 +- 0
       - M01 =  755.4850396244856 +- 8.280220956380834
       - D0_ext =  2.3e-12
       - tc_2 =  1.6005027129508083 +- 0.05488995577545798
       - alpha_2 =  0.0 +- 0
       - M02 =  267.91488335454636 +- 7.8667912112959995
       - D0_int =  7e-13
       - Chi cuadrado =  18438.63381433562
       - Reduced chi cuadrado =  242.6136028202055
