ROI1  - tc_1 =  29.763648854057887 +- 17667.318043564082
       - alpha_1 =  1.2371453003034993e-05 +- 448.093506767836
       - M01 =  678.9550052447369 +- 10668.951857798162
       - D0_ext =  2.3e-12
       - tc_2 =  2.21 +- 0
       - alpha_2 =  0.0 +- 0
       - M02 =  414.6279701783656 +- 4966.296181625477
       - D0_int =  7e-13
