ROI1  - tc_1 =  5.353589432586139 +- 0.1307529465380086
       - alpha_1 =  0.3 +- 0
       - M01 =  1318.625569905656 +- 10.11417136185042
       - D0_ext =  2.3e-12
       - tc_2 =  2.545888361252678 +- 0.08868775146572618
       - alpha_2 =  0 +- 0
       - M02 =  533.7978938450206 +- 23.561097031259607
       - D0_int =  7e-13
