ROI1  - l_c_mode =  5.695166953243205 +- 0.32486489218270126
      - l_c_median =  5.981229825139403 +-
      - l_c_mid =  6.12960523293919 +-
      - sigma =  0.22137816280812578 +- 0.13833783393895113
      - M0 =  3894.3307011166034 +- 19.448367975110582
      - D0 =  2.3e-12 +-
