ROI1  - l_c_mode =  1.565496183872184 +- 839.8146397348111
      - l_c_median =  1.5700624602327247 +-
      - l_c_mid =  1.5723505906212234 +-
      - sigma =  0.05396830566889959 +- 265.4794416798909
      - M0 =  1163.1837542549456 +- 58.4379844030304
      - D0 =  7e-13 +-
