ROI1  - l_c_mode =  6.354196048472724 +- 22082.636167758286
      - l_c_median =  6.356073523257946 +-
      - l_c_mid =  6.35701246866692 +-
      - sigma =  0.01718797348911426 +- 2574.4331810916474
      - M0 =  3954.1244740591264 +- 183.10150911427948
      - D0 =  2.3e-12 +-
ROI1  - l_c_mode =  2.455650513783632 +- 136.78315594311624
      - l_c_median =  27.203889880238354 +-
      - l_c_mid =  90.54474147363582 +-
      - sigma =  1.5507960124298832 +- 1386.059625273978
      - M0 =  3992.9643802866185 +- 632.0534797969209
      - D0 =  2.3e-12 +-
ROI1  - l_c_mode =  6.404643798939894 +- 5.677010193708516
      - l_c_median =  6.469011543984402 +-
      - l_c_mid =  6.501437601675527 +-
      - sigma =  0.10000000367179887 +- 4.616319813011456
      - M0 =  3952.5653144401967 +- 190.9754446056457
      - D0 =  2.3e-12 +-
