ROI1  - tc_1 =  6.983001599350347 +- 5.293517845790392e+16
       - alpha_1 =  0.9961992496053618 +- 5146512168.882904
       - M01 =  1489.69446938026 +- 2.6392245681603968e+17
       - D0_ext =  2.3e-12
       - tc_2 =  2.21 +- 0
       - alpha_2 =  0.0 +- 0
       - M02 =  136.175527817754 +- 0.35651138766379054
       - D0_int =  7e-13
ROI1  - tc_1 =  27.589429315822194 +- 0.6674614078942703
       - alpha_1 =  0.0 +- 0
       - M01 =  3619.645830329435 +- 470348609328.6858
       - D0_ext =  2.3e-12
       - tc_2 =  2.21 +- 0
       - alpha_2 =  0.0 +- 0
       - M02 =  137.2308499557895 +- 5.669633492349854
       - D0_int =  7e-13
