roi  - alpha_1 =  0.4035055093929709 +- 0.0285099668470323
       - M01 =  816.4258523625095 +- 46.05105919087922
       - D0_ext =  2.3e-12
       - tc_2 =  2.21 +- 0
       - M02 =  4.876155035304919e-08 +- 5.894261102705037
       - D0_int =  1e-12
       - Chi cuadrado =  6.58587738960074
       - Reduced chi cuadrado =  0.3658820772000411
