ROI1  - l_c_mode =  6.347356876015923 +- 49674.749409388554
      - l_c_median =  6.3489234662262275 +-
      - l_c_mid =  6.349706906319128 +-
      - sigma =  0.01570921383533132 +- 5797.905257894714
      - M0 =  2771.8638361941057 +- 104.68370894741453
      - D0 =  2.3e-12 +-
ROI1  - l_c_mode =  6.500407487045037 +- 102407646.03966713
      - l_c_median =  6.501058716653929 +-
      - l_c_mid =  6.50138435592374 +-
      - sigma =  0.010008889655262223 +- 5780485.908481748
      - M0 =  2776.7390588988346 +- 15.164192720182195
      - D0 =  2.3e-12 +-
ROI1  - l_c_mode =  18.916011262914076 +- 5362249.805482566
      - l_c_median =  178.1708417053151 +-
      - l_c_mid =  546.8146803184436 +-
      - sigma =  1.4975760931103443 +- 11014.412521524142
      - M0 =  2836.163886855101 +- 525.5119252877802
      - D0 =  2.3e-12 +-
