ROI1  - tc_1 =  1.9248064731514938 +- 0.20629013123702822
       - alpha_1 =  0.44 +- 0
       - M01 =  1182.0539082893245 +- 12.92768309129843
       - D0_ext =  2.3e-12
       - tc_2 =  1.6925494312930507 +- 0.04105678875358043
       - alpha_2 =  0.0 +- 0
       - M02 =  535.0229096087805 +- 11.774091348061148
       - D0_int =  7e-13
       - Chi cuadrado =  46941.3733638047
       - Reduced chi cuadrado =  594.1945995418316
