ROI1  - tc_1 =  1.6244224330954338 +- 0.15374113494345612
       - alpha_1 =  0.57 +- 0
       - M01 =  1655.3022051400228 +- 19.530862232502106
       - D0_ext =  2.3e-12
       - tc_2 =  2.2341504625867437 +- 0.23406800021194815
       - alpha_2 =  0.0 +- 0
       - M02 =  823.5164487567165 +- 35.847439962085296
       - C =  106.16542834170919 +- 50.86370884010125
       - D0_int =  6.5e-13
       - Chi cuadrado =  23172.95012275768
       - Reduced chi cuadrado =  293.3284825665529
