ROI1  - lc_mode_1 =  0.10000000018838646 +- 0.07037498472216414
      - alpha_1 =  0.6090271574094317 +- 0.015926378565554067
      - M0_1 =  0.55 +- 0
      - D0_1 =  2.3e-12 +-
      - lc_mode_2 =  1.7 +- 0
      - lc_median_2 =  1.792351152625588 +-
      - lc_mid_2 =  1.8403913717888398 +-
      - sigma_2 =  0.23 +- 0
      - alpha_2 =  0.0 +- 0
      - M0_2 =  0.45 +- 0
      - D0_2 =  7e-13 +-
