ROI1  - tc_1 =  4.274925755155439 +- 82313243985050.25
       - alpha_1 =  0.7102922009670665 +- 1489.249161185227
       - M01 =  7483.7198133098545 +- 1275648804072644.0
       - D0_ext =  2.3e-12
       - tc_2 =  2.21 +- 0
       - alpha_2 =  0.0 +- 0
       - M02 =  141.35119724497548 +- 0.29691423303047476
       - D0_int =  7e-13
ROI1  - tc_1 =  8.692424954480119 +- 9.814167156901782
       - alpha_1 =  0.0 +- 0
       - M01 =  2016.039281297854 +- 53298718.13691912
       - D0_ext =  2.3e-12
       - tc_2 =  2.21 +- 0
       - alpha_2 =  0.0 +- 0
       - M02 =  141.34643777936384 +- 0.7890505220604281
       - D0_int =  7e-13
