ROI1  - tc_1 =  2.8389746376344243 +- 0.1959863584796779
       - alpha_1 =  0.37 +- 0
       - M01 =  1064.9315976266548 +- 10.42970251715284
       - D0_ext =  2.3e-12
       - tc_2 =  1.4612832615005642 +- 0.06500426513351185
       - alpha_2 =  0.0 +- 0
       - M02 =  276.6105589296625 +- 10.016188824563752
       - D0_int =  7e-13
       - Chi cuadrado =  32319.087486064207
       - Reduced chi cuadrado =  409.10237324131907
