ROI1  - tc_1 =  1.0775601502650847 +- 0.39466354010396915
       - alpha_1 =  0.6441059297200977 +- 0.03315495288979246
       - M01 =  1557.386745907665 +- 44.74612433129468
       - D0_ext =  2.3e-12
       - tc_2 =  3.2545109411074753 +- 0.43170949301301126
       - alpha_2 =  0.0 +- 0
       - M02 =  813.2103746597868 +- 23.44979008733185
       - C =  224.3465913495225 +- 27.465057733717906
       - D0_int =  6.5e-13
       - Chi cuadrado =  21797.80382766953
       - Reduced chi cuadrado =  279.4590234316606
