roi  - alpha_1 =  0.45523240164992207 +- 0.020440670390137288
       - M01 =  941.8582479494669 +- 37.002746050827554
       - D0_ext =  2.3e-12
       - tc_2 =  1.8443002115171587 +- 0.017745169901082655
       - alpha_2 =  0.0 +- 0
       - M02 =  561.0740357931437 +- 7.136855711525379
       - D0_int =  6.5e-13
       - Chi cuadrado =  1391.86856652724
       - Reduced chi cuadrado =  36.628120171769474
