ROI1  - tc_1 =  0.10000021847197874 +- 210.51952246719333
       - alpha_1 =  0.6 +- 0
       - M01 =  0.5689830844080391 +- 0.013927250805075068
       - D0_ext =  2.3e-12
       - tc_2 =  2.288006479567689 +- 0.12406101763367239
       - alpha_2 =  0.0 +- 0
       - M02 =  0.47709155332255127 +- 0.039936609437087864
       - D0_int =  7e-13
       - Chi cuadrado =  0.0007735452605345493
       - Reduced chi cuadrado =  2.6673974501191355e-05
