ROI1  - tc_1 =  7.85589218484135 +- 0.28686091937734715
       - alpha_1 =  0.3 +- 0
       - tc_2 =  1.8 +- 0
       - alpha_2 =  0.0 +- 0
