ROI1  - tc_1 =  16.814763965838182 +- 1.5061346417095156
       - alpha_1 =  0.3 +- 0
       - tc_2 =  1.8 +- 0
       - alpha_2 =  0.0 +- 0
