ROI1  - tc_1 =  0.10004077776776502 +- 75.32274345439029
       - alpha_1 =  0.3 +- 0
       - tc_2 =  1.8 +- 0
       - alpha_2 =  0.0 +- 0
