ROI1  - tc_1 =  5.1742062599213945 +- 0.2097627703167113
       - alpha_1 =  0.3 +- 0
       - tc_2 =  1.8 +- 0
       - alpha_2 =  0.0 +- 0
