ROI1  - tc_1 =  4.9 +- 0
       - alpha_1 =  0.31 +- 0
       - M01 =  1.4408617600986107 +- 149127.97345866548
       - D0_ext =  2.3e-12
       - tc_2 =  2.1 +- 0
       - alpha_2 =  0.0 +- 0
       - M02 =  1219.6534254233638 +- 4.016607499520961
       - D0_int =  7e-13
ROI1  - tc_1 =  0.8 +- 0
       - alpha_1 =  0.59 +- 0
       - M01 =  0.05292776766196994 +- 344372.3268899592
       - D0_ext =  2.3e-12
       - tc_2 =  2.1 +- 0
       - alpha_2 =  0.0 +- 0
       - M02 =  1219.4023840544965 +- 3.8547805098628505
       - D0_int =  7e-13
