ROI1  - lc_mode_1 =  2.9254524969164764 +- 0.6576461315776518
      - alpha_1 =  0.47370354196263176 +- 0.04227309651874745
      - M0_1 =  0.55 +- 0
      - D0_1 =  2.3e-12 +-
      - lc_mode_2 =  1.7 +- 0
      - lc_median_2 =  1.792351152625588 +-
      - lc_mid_2 =  1.8403913717888398 +-
      - sigma_2 =  0.23 +- 0
      - alpha_2 =  0.0 +- 0
      - M0_2 =  0.45 +- 0
      - D0_2 =  7e-13 +-
ROI1  - lc_mode_1 =  2.8506176634120273 +- 0.716390785327837
      - alpha_1 =  0.5 +- 0
      - M0_1 =  0.5629016590217528 +- 0.027238492845327693
      - D0_1 =  2.3e-12 +-
      - lc_mode_2 =  1.7 +- 0
      - lc_median_2 =  1.792351152625588 +-
      - lc_mid_2 =  1.8403913717888398 +-
      - sigma_2 =  0.23 +- 0
      - alpha_2 =  0.0 +- 0
      - M0_2 =  0.43709834936613556 +- 0.027238492931375112
      - D0_2 =  7e-13 +-
