ROI1  - tc_1 =  7.280438133291916 +- 0.24565890745652746
       - alpha_1 =  0.3 +- 0
       - M01 =  0.7569677882074528 +- 0.00901634866007968
       - D0_ext =  2.3e-12
       - tc_2 =  1.4218867481760848 +- 0.11829960088630423
       - alpha_2 =  0.03 +- 0
       - M02 =  0.08030476416498927 +- 0.00739776759986496
       - D0_int =  7e-13
ROI1  - tc_1 =  7.527695741522934 +- 0.3160419640305116
       - alpha_1 =  0.3 +- 0
       - M01 =  0.7560977571707764 +- 0.011086013354396976
       - D0_ext =  2.3e-12
       - tc_2 =  2.0 +- 0
       - alpha_2 =  0.03 +- 0
       - M02 =  0.109092772698264 +- 0.007417312539184213
       - D0_int =  7e-13
ROI1  - tc_1 =  7.5 +- 0
       - alpha_1 =  0.295189112696539 +- 0.012233812509762293
       - M01 =  0.7634051666106474 +- 0.010711232148457192
       - D0_ext =  2.3e-12
       - tc_2 =  2.0 +- 0
       - alpha_2 =  0.009411089040552878 +- 0.003936253396758171
       - M02 =  0.18952560977331323 +- 0.04035992429151022
       - D0_int =  7e-13
