ROI1  - tc_1 =  2.6248502150450044 +- 0.37321717135956145
       - tc_2 =  1.8 +- 0
       - alpha_2 =  0.0 +- 0
