ROI1  - tc_1 =  1.5641336629334222 +- 0.23432535594168755
       - tc_2 =  1.8 +- 0
       - alpha_2 =  0.0 +- 0
