ROI1  - tc_1 =  3.3826251718713007 +- 1.0477266480776595
       - tc_2 =  1.8 +- 0
       - alpha_2 =  0.0 +- 0
