ROI1  - l_c_mode =  2.0 +- None
      - l_c_median =  2.0816215483847764 +-
      - l_c_mid =  2.1236730930907193 +-
      - sigma =  0.2 +- None
      - M0 =  600.0 +- None
      - D0 =  7e-13 +-
