ROI1  - l_c_mode =  1.9000000000000001 +- None
      - l_c_median =  2.2296706548844396 +-
      - l_c_mid =  2.4153733856106694 +-
      - sigma =  0.4 +- None
      - M0 =  700.0 +- None
      - D0 =  7e-13 +-
