roi  - alpha_1 =  0.5488094293978227 +- 0.0027677003539775076
       - M01 =  458.2889223481945 +- 0.39102621871600224
       - D0_ext =  2.3e-12
       - tc_2 =  2.21 +- 0
       - M02 =  182.6860569706218 +- 0.8265483682149632
       - D0_int =  1e-12
       - Chi cuadrado =  1.3570361557125399
       - Reduced chi cuadrado =  0.07539089753958556
