ROI1  - l_c_mode =  1.5125657782995605 +- 14.411441174090582
      - l_c_median =  1.6748204704830296 +-
      - l_c_mid =  1.7623625497683526 +-
      - sigma =  0.31921556661515427 +- 8.389356523422267
      - alpha =  0.12525820573460372 +- 0.12525820573460372
      - M0 =  120.30925040428156 +- 3105.3093064531563
      - D0 =  7e-13 +-
