ROI1  - tc_1 =  5.899888332953019 +- 2.4146290357043396
       - alpha_1 =  0.3 +- 0
       - M01 =  4.079662037494436 +- 0.745886112779741
       - D0_ext =  2.3e-12
       - tc_2 =  2.1713978855107143 +- 0.7653136606112011
       - alpha_2 =  0.0 +- 0
       - M02 =  1.3394614697492813 +- 0.2327845586427134
       - D0_int =  7e-13
ROI1  - tc_1 =  5.89990349986525 +- 2.414534764441686
       - alpha_1 =  0.3 +- 0
       - M01 =  4.07966651764179 +- 0.7460762959565966
       - D0_ext =  2.3e-12
       - tc_2 =  2.171402460670462 +- 0.7653791093941877
       - alpha_2 =  0.0 +- 0
       - M02 =  1.3394628718862212 +- 0.23287547186925137
       - D0_int =  7e-13
ROI1  - tc_1 =  11.083490426348323 +- 1034.4401725328241
       - alpha_1 =  0.05738820419094609 +- 50.91266547372807
       - M01 =  5.490274071907554 +- 196.80689094418585
       - D0_ext =  2.3e-12
       - tc_2 =  2.164907796181739 +- 3.0676400346801396
       - alpha_2 =  0.0 +- 0
       - M02 =  1.3372258392138487 +- 1.0341108194727424
       - D0_int =  7e-13
ROI1  - tc_1 =  3.1879945064064206 +- 7974.778896261063
       - alpha_1 =  0.39734655468903335 +- 212.12448599163864
       - M01 =  2.829384383420692 +- 4107.12559426249
       - D0_ext =  2.3e-12
       - tc_2 =  2.1680175228875846 +- 9.533177079116813
       - alpha_2 =  0.0 +- 0
       - M02 =  1.3383079525338677 +- 3.480955983666646
       - D0_int =  7e-13
