ROI1  - tc_1 =  0.10000000000003878 +- 0.006238979276371686
       - alpha_1 =  0.5603642253149361 +- 0.005995170382678711
       - M01 =  1016.4083556810077 +- 7.006891724707177
       - D0_ext =  2.3e-12
       - tc_2 =  2.7817459200140395 +- 0.3088794769119844
       - alpha_2 =  0.0 +- 0
       - M02 =  258.53853991719023 +- 6.658803013085572
       - C =  92.71589424052121 +- 13.59334529557732
       - D0_int =  6.5e-13
       - Chi cuadrado =  320.5421114480155
       - Reduced chi cuadrado =  4.162884564259941
