ROI1  - tc_1 =  16.116336610190917 +- 0.16980097046934398
       - alpha_1 =  0.3 +- 0
       - M01 =  623.12989766666 +- 0.6223437202920885
       - D0_ext =  2.3e-12
       - tc_2 =  1.93 +- 0
       - alpha_2 =  0.0 +- 0
       - M02 =  178.23268176948181 +- 0.7295553478323265
       - D0_int =  6.5e-13
ROI1  - tc_1 =  0.10000000197562954 +- 2.434759114648671
       - alpha_1 =  0.6133928182928642 +- 0.019545152363975502
       - M01 =  457.2009308188391 +- 10.491192282821773
       - D0_ext =  2.3e-12
       - tc_2 =  1.93 +- 0
       - alpha_2 =  0.0 +- 0
       - M02 =  195.94260000125755 +- 4.496210281014216
       - D0_int =  6.5e-13
ROI1  - tc_1 =  0.1000040378168574 +- 38.78576165703457
       - alpha_1 =  0.7289119937349341 +- 0.1780317317944958
       - M01 =  396.95258414315595 +- 39.864047702180486
       - D0_ext =  2.3e-12
       - tc_2 =  1.93 +- 0
       - alpha_2 =  0.0 +- 0
       - M02 =  243.29223519600342 +- 24.43267477783063
       - D0_int =  6.5e-13
ROI1  - tc_1 =  49.99999985598329 +- 34.74034009248268
       - alpha_1 =  0.3 +- 0
       - M01 =  432.34275601324424 +- 13.930305278376506
       - D0_ext =  2.3e-12
       - tc_2 =  1.93 +- 0
       - alpha_2 =  0.0 +- 0
       - M02 =  264.98287121196483 +- 8.537884126493891
       - D0_int =  6.5e-13
