ROI1  - tc_1 =  32.3387752192274 +- 19004473666.18274
       - alpha_1 =  0.2432029631615647 +- 13632446917.574076
       - M01 =  1548.765114309566 +- 1324673172028.1025
       - D0_ext =  2.3e-12
       - tc_2 =  2.21 +- 0
       - alpha_2 =  0.0 +- 0
       - M02 =  838.925566218447 +- 4.31996428434728
       - D0_int =  7e-13
ROI1  - tc_1 =  47.49948889334189 +- 688884611353.6755
       - alpha_1 =  0.0 +- 0
       - M01 =  1.8784621549106095 +- 157884177.23058346
       - D0_ext =  2.3e-12
       - tc_2 =  2.21 +- 0
       - alpha_2 =  0.0 +- 0
       - M02 =  838.925646178762 +- 3.878193043601845
       - D0_int =  7e-13
