ROI1  - tc_1 =  0.10000014352354619 +- 1.170812880144096
       - alpha_1 =  0.5501832090015999 +- 0.004049483499282086
       - M01 =  2437.754026996324 +- 6.000134387073943
       - D0_ext =  2.3e-12
       - tc_2 =  1.8235209619769917 +- 0.011330893351199444
       - alpha_2 =  0.0 +- 0
       - M02 =  1107.6374560278184 +- 6.327639575754667
       - C =  50 +- 0
       - D0_int =  6.5e-13
       - Chi cuadrado =  5896.975223308848
       - Reduced chi cuadrado =  74.64525599125125
