ROI1  - tc_1 =  0.10000023660443569 +- 4.654582247061258
       - alpha_1 =  0.4636216473477309 +- 0.02467421037073783
       - M01 =  1994.238243553363 +- 602.094259100678
       - D0_ext =  2.3e-12
       - tc_2 =  1.5899072505638963 +- 0.020059682083888034
       - alpha_2 =  0.0 +- 0
       - M02 =  1105.1147640127963 +- 15.343644939805758
       - D0_int =  7e-13
       - Chi cuadrado =  5604.882377689096
       - Reduced chi cuadrado =  151.4833075051107
