ROI1  - tc_1 =  0.10000000007527216 +- 0.18355727963358304
       - alpha_1 =  0.5613664198639193 +- 0.00762272171548305
       - M01 =  2378.135136194163 +- 22.124737795248773
       - D0_ext =  2.3e-12
       - tc_2 =  2.3446443658611784 +- 0.16540624140375818
       - alpha_2 =  0.0 +- 0
       - M02 =  1011.5101690641031 +- 13.0096909853392
       - C =  208.26260567669917 +- 33.42777197630636
       - D0_int =  6.5e-13
       - Chi cuadrado =  4160.382710616091
       - Reduced chi cuadrado =  53.33823987969347
