ROI1  - tc_1 =  18.403090212119444 +- 0.23715018162606435
       - alpha_1 =  0.3 +- 0
       - M01 =  435.2201917100845 +- 0.48831338227947
       - D0_ext =  2.3e-12
       - tc_2 =  2.2 +- 0
       - alpha_2 =  0.0 +- 0
       - M02 =  104.70652700024591 +- 0.5185445694324444
       - D0_int =  6.5e-13
ROI1  - tc_1 =  0.1000000099956957 +- 4.240163699818059
       - alpha_1 =  0.6623823300509011 +- 0.06562247800746031
       - M01 =  297.20575575329923 +- 16.503571162779792
       - D0_ext =  2.3e-12
       - tc_2 =  2.2 +- 0
       - alpha_2 =  0.0 +- 0
       - M02 =  127.37346884517885 +- 7.072935468977699
       - D0_int =  6.5e-13
ROI1  - tc_1 =  0.10001044315819412 +- 54.175379909007916
       - alpha_1 =  0.6585600855464608 +- 0.25196490169335634
       - M01 =  238.19013082697126 +- 35.98353081840451
       - D0_ext =  2.3e-12
       - tc_2 =  2.2 +- 0
       - alpha_2 =  0.0 +- 0
       - M02 =  145.98672900847885 +- 22.054306090777676
       - D0_int =  6.5e-13
ROI1  - tc_1 =  49.99999958073727 +- 85.53539508787655
       - alpha_1 =  0.3 +- 0
       - M01 =  268.0858086812315 +- 15.846079859313324
       - D0_ext =  2.3e-12
       - tc_2 =  2.2 +- 0
       - alpha_2 =  0.0 +- 0
       - M02 =  164.30978969232012 +- 9.712062311739475
       - D0_int =  6.5e-13
