ROI1  - l_c_mode =  8.627645450385169 +- 0.128416555715478
      - l_c_median =  8.642394556289002 +-
      - l_c_mid =  8.649778561740979 +-
      - sigma =  0.04132865062187458 +- 0.23195506989372897
      - M0 =  708.9505436576292 +- 1.3065307244405997
      - D0 =  2.3e-12 +-
