ROI1  - tc_1 =  1.7735598791982374 +- 0.18527021382325032
       - alpha_1 =  0.5613138396679822 +- 0.012221532790101332
       - M01 =  1680.0155308600679 +- 8.605928704323977
       - D0_ext =  2.3e-12
       - tc_2 =  1.6415836593842088 +- 0.03552692429424653
       - alpha_2 =  0.014218116346284837 +- 0.0032661905219335255
       - M02 =  908.0549653281461 +- 8.697109190728364
       - D0_int =  7e-13
       - Chi cuadrado =  20008.83092783781
       - Reduced chi cuadrado =  256.5234734338181
