ROI1  - l_c_mode =  1.7595787301754195 +- 0.007224293920090213
      - l_c_median =  1.8453278086467484 +-
      - l_c_mid =  1.8897568923049755 +-
      - sigma =  0.21813416336988545 +- 0.030318400862316755
      - M0 =  253.1520888364139 +- 7.383472953704328
      - D0 =  7e-13 +-
