roi  - alpha_1 =  0.3638315252033857 +- 0.030145859329960067
       - M01 =  636.4651019991052 +- 43.211372019337325
       - D0_ext =  2.3e-12
       - tc_2 =  2.21 +- 0
       - M02 =  4.8003268027230206e-08 +- 56.170791323099174
       - D0_int =  1e-12
       - Chi cuadrado =  3.6574459043733323
       - Reduced chi cuadrado =  0.20319143913185178
