ROI1  - l_c_mode =  1.6 +- 2001.2165464695468
      - l_c_median =  1.6160802673346688 +-
      - l_c_mid =  1.6241809033851502 +-
      - sigma =  0.10000000000000002 +- 857.2788015096141
      - alpha =  1.1323420687482342e-10 +- 1.1323420687482342e-10
      - M0 =  100.0 +- 123491.62381396671
      - D0 =  7e-13 +-
