ROI1  - l_c_mode =  6.336797965932363 +- 41671.08455477444
      - l_c_median =  6.338550972432595 +-
      - l_c_mid =  6.339427657530671 +-
      - sigma =  0.016631323091773564 +- 6120.94481408298
      - M0 =  3950.814230874108 +- 170.74334858588497
      - D0 =  2.3e-12 +-
