roi  - alpha_1 =  0.44 +- 0
       - M01 =  893.3988796129305 +- 11.713738952703716
       - D0_ext =  2.3e-12
       - tc_2 =  2.39 +- 0
       - M02 =  593.7672031059574 +- 3.0197466871270437
       - D0_int =  6.5e-13
       - Chi cuadrado =  731.281022242295
       - Reduced chi cuadrado =  38.48847485485763
roi  - alpha_1 =  0.45449209208901187 +- 0.07728065387467087
       - M01 =  925.7894480493339 +- 43.854766193194095
       - D0_ext =  2.3e-12
       - tc_2 =  2.2368242470338693 +- 1.9825233229462988
       - M02 =  586.6914959240866 +- 164.09557007897675
       - D0_int =  6.5e-13
       - Chi cuadrado =  695.9188975575958
       - Reduced chi cuadrado =  40.936405738682105
roi  - alpha_1 =  0.4605567753754274 +- 0.021719719184162926
       - M01 =  927.4422189852357 +- 39.14959203397776
       - D0_ext =  2.3e-12
       - tc_2 =  2.39 +- 0
       - M02 =  599.671052643495 +- 6.657119250558352
       - D0_int =  6.5e-13
       - Chi cuadrado =  696.1367706077336
       - Reduced chi cuadrado =  38.67426503376298
